505,465,310,210
506,454,328,158
513,456,323,187
511,454,323,197
508,470,311,186
511,482,305,177
515,493,292,176
528,506,291,166
524,512,296,178
521,522,294,173
506,527,309,191
508,525,300,208
502,528,308,205
511,533,304,201
532,539,303,207
543,536,287,206
555,528,273,204
563,540,278,182
551,541,282,157
538,542,292,184
546,545,292,174
559,556,283,175
565,579,294,183
585,585,293,179
597,587,292,181
601,584,281,183
606,579,277,184
588,579,276,186
554,573,291,195
503,567,309,187
516,548,275,184
495,533,279,188
506,527,284,188
531,544,291,180
589,574,267,187
607,605,266,187
616,628,283,193
674,627,261,194
700,610,248,170
687,571,278,167
678,548,256,145
651,529,302,163
629,528,331,157
610,538,312,153
590,559,350,161
598,586,316,146
609,585,329,138
607,583,344,152
629,580,307,134
656,571,354,180
664,556,259,136
665,551,333,169
678,561,292,125
662,583,318,139
683,599,308,135
711,608,308,126
721,605,348,125
739,602,338,125
743,605,328,119
728,608,324,118
757,610,320,126
740,601,328,142
715,601,301,132
685,610,283,117
699,614,312,146
698,624,309,178
719,617,274,178
769,617,267,162
780,609,276,154
789,598,283,131
799,597,298,125
798,602,324,144
779,605,312,151
745,620,313,160
739,632,298,121
737,645,293,141
732,654,274,144
737,654,275,153
750,664,255,124
788,661,257,112
815,658,295,115
835,657,287,118
849,659,333,121
847,656,348,130
850,658,362,134
830,659,366,133
833,662,352,132
833,683,356,128
843,699,361,127
847,715,358,127
864,717,368,125
879,706,378,123
910,698,382,126
895,693,412,154
928,693,366,132
918,699,381,158
938,709,380,154
962,713,373,141
992,714,352,148
1016,707,357,176
1030,716,374,180
1014,716,379,193
1016,740,378,180
1038,762,366,154
1011,758,390,141
1026,757,366,133
1037,751,368,128
1056,730,375,140
1049,724,390,168
1058,709,409,162
1035,699,406,158
1042,688,414,165
1019,685,434,157
1045,680,392,160
1049,677,376,165
1086,674,356,149
1099,673,363,156
1079,675,375,174
1107,685,354,160
1110,689,357,168
1104,701,367,169
1098,700,369,162
1137,697,355,157
1147,688,356,148
1131,676,373,153
1126,663,370,151
1112,659,374,145
1114,661,361,138
1104,666,372,138
1100,687,349,132
1108,697,342,136
1132,694,346,156
1159,698,344,151
1165,702,348,133
1178,712,345,143
1167,719,356,154
1183,722,341,139
1220,733,327,142
1241,731,325,138
1261,714,321,124
1250,710,321,131
1254,705,302,129
1245,706,296,132
1262,679,270,157
1284,670,245,165
1300,669,248,150
1305,643,252,143
1324,622,251,144
1306,626,261,126
1266,596,247,144
1234,589,254,158
1225,579,278,157
1221,571,268,175
1227,585,246,193
1233,609,251,137
1215,632,262,140
1209,646,275,137
1181,660,275,151
1138,680,294,132
1102,705,295,146
1110,717,297,138
1132,722,283,151
1156,710,268,130
1169,695,273,118
1192,672,284,114
1202,661,271,120
1185,659,278,132
1190,660,269,135
1184,660,266,140
1169,664,263,140
1142,672,258,134
1160,677,255,128
1178,663,208,131
1153,658,248,119
1171,656,226,130
1165,664,257,126
1162,666,271,110
1159,663,268,115
1175,655,258,111
1166,660,256,125
1152,659,259,111
1155,645,202,103
1152,643,222,106
1152,643,200,104
1151,646,241,111
1134,651,233,106
1125,647,238,103
1105,652,249,112
1083,645,265,111
1046,661,222,104
1058,649,228,108
1095,638,217,107
1199,626,222,115
1174,617,241,121
1187,626,231,121
1208,665,245,123
1206,721,260,107
1180,731,256,109
1180,717,267,111
1218,707,244,111
1283,674,237,105
1317,623,218,100
1299,619,229,93
1228,619,223,88
1155,612,202,99
1139,620,202,100
1143,611,182,108
1132,609,176,111
1122,621,176,120
1134,636,154,124
1138,642,142,121
1146,641,139,121
1158,644,135,118
1186,652,133,120
1184,656,126,110
1170,657,123,106
1171,651,127,99
1168,655,135,97
1165,658,143,103
1148,658,159,109
1115,665,166,106
1129,660,161,93
1123,651,180,105
1139,650,184,96
1144,642,176,104
1134,637,184,103
1091,646,188,107
1096,664,181,86
1071,659,204,113
1054,665,215,107
1013,672,220,108
1019,677,197,104
1016,674,211,91
1027,660,211,88
1036,651,222,99
1031,645,229,97
1041,639,219,97
1049,636,217,93
1048,640,215,88
1024,646,238,89
1060,637,209,84
1081,624,198,85
1076,624,204,85
1071,627,205,87
1087,633,199,93
1094,639,196,96
1105,640,187,102
1098,634,184,87
1081,623,177,86
1083,616,172,79
1075,615,173,91
1065,615,175,89
1079,614,172,86
1092,609,176,81
1111,609,181,81
1123,604,166,73
1120,599,162,69
1116,602,159,67
1121,599,153,69
1108,583,142,68
1096,572,143,76
1097,579,145,77
1125,588,145,81
1135,614,147,78
1137,623,137,73
1162,620,138,70
1176,604,143,72
1169,596,140,72
1180,585,137,79
1161,574,138,83
1172,561,139,88
1189,546,139,85
1229,536,136,83
1228,554,136,73
1252,562,131,68
1271,572,121,69
1278,592,125,72
1293,634,121,85
1271,649,113,90
1295,670,109,97
1296,668,100,109
1318,674,97,103
1304,667,96,97
1284,648,125,89
1285,609,119,88
1253,567,120,94
1245,548,127,97
1318,513,126,110
1352,488,129,107
1339,531,115,110
1408,530,121,117
1458,548,121,98
1469,590,137,106
1438,639,132,110
1426,687,130,103
1385,658,130,111
1368,629,128,105
1367,622,134,101
1389,605,120,77
1388,581,118,72
1345,569,100,76
1333,560,97,73
1342,550,91,81
1321,538,80,78
1239,542,81,81
1235,536,81,76
1258,539,78,76
1278,538,82,94
1303,541,82,82
1329,522,78,89
1311,517,77,82
1328,497,90,108
1310,474,90,84
1293,485,98,86
1253,502,111,98
1246,499,117,82
1253,496,119,79
1285,490,125,81
1321,487,121,88
1339,489,118,76
1368,483,124,73
1427,477,129,77
1427,487,128,96
1444,495,130,69
1455,506,128,76
1459,509,127,75
1443,501,135,68
1468,501,128,57
1485,487,114,64
