1015,654,108,86
1017,649,113,92
1025,646,113,92
1030,636,112,93
1025,618,116,91
979,600,114,89
887,584,114,92
840,583,114,92
846,586,113,93
759,602,117,97
731,633,116,94
642,644,122,98
621,657,121,94
655,669,121,96
699,698,118,96
685,729,116,96
672,751,118,100
644,782,117,99
646,795,117,98
652,790,115,101
705,785,116,102
739,791,113,100
740,800,114,100
688,802,119,101
589,794,123,105
524,795,126,104
477,799,124,104
477,805,126,105
545,807,121,105
580,803,121,106
637,792,116,103
691,765,109,103
733,722,110,100
790,650,107,100
826,576,109,100
867,512,107,99
885,458,109,100
902,431,109,98
912,416,110,97
922,420,110,95
955,446,111,94
974,491,115,94
1003,553,116,94
1046,625,116,96
1093,679,121,96
1068,730,123,97
1057,761,121,96
1076,784,119,95
1022,783,120,97
1015,777,117,96
955,744,116,97
892,707,118,100
843,671,115,100
774,629,113,100
680,587,111,100
698,569,111,100
784,530,110,99
826,492,107,102
846,431,116,103
871,369,114,108
890,325,109,102
908,282,113,100
946,277,113,103
978,303,112,101
1032,352,115,100
1098,399,112,100
1120,428,112,99
1122,443,112,99
1116,453,114,99
1105,461,110,97
1097,462,111,99
1076,465,109,99
1035,467,108,99
983,474,108,99
915,494,106,104
870,525,107,100
827,550,107,101
787,577,103,103
734,602,109,103
690,620,110,103
683,620,107,103
700,609,110,101
754,573,110,103
783,549,110,102
821,524,106,102
866,500,105,102
912,476,108,102
962,462,110,104
998,463,107,101
1029,470,106,102
1049,481,109,101
1074,499,106,105
1067,517,108,99
1055,530,105,101
1035,547,105,101
1035,563,105,101
1011,594,106,100
970,626,107,98
897,657,107,98
890,655,107,98
850,645,109,99
777,667,110,99
767,683,107,100
798,691,109,97
821,685,108,100
817,668,108,97
792,651,106,99
768,642,107,100
698,635,109,101
664,627,110,103
653,614,108,99
654,594,111,99
673,581,110,97
710,559,108,96
729,548,113,96
742,544,107,95
754,551,109,94
754,555,113,95
748,571,112,96
758,602,110,95
777,638,114,96
773,657,114,97
769,670,110,97
752,678,109,97
733,675,108,98
709,662,110,99
686,648,111,100
641,627,111,100
600,593,110,104
562,570,113,102
514,532,115,105
502,502,112,105
491,456,120,105
499,425,114,105
539,396,115,103
599,373,116,100
666,369,113,99
754,383,113,96
836,413,113,96
880,440,111,96
941,478,110,96
982,506,109,97
1001,529,111,97
982,549,111,98
959,558,110,95
907,561,110,96
862,554,107,98
824,547,107,98
764,519,112,99
750,499,109,99
685,465,112,103
663,447,111,100
648,417,111,103
641,408,116,103
684,410,111,99
729,410,111,98
813,409,112,97
893,405,112,96
944,406,112,96
1009,409,111,96
1068,422,113,98
1091,437,116,96
1112,465,115,98
1112,504,118,96
1079,534,114,96
1037,550,112,98
1001,566,109,97
952,578,110,96
901,587,110,96
824,593,111,98
722,594,112,100
708,592,107,101
648,581,116,102
620,569,114,102
609,553,110,101
598,524,127,107
605,498,122,105
623,483,115,104
646,469,120,104
653,465,123,105
656,452,131,104
695,426,121,104
729,399,123,106
751,378,118,104
782,351,116,105
811,340,122,107
863,331,112,107
923,342,110,103
954,352,109,102
989,357,109,102
1020,370,111,101
1047,387,112,103
1075,403,113,103
1110,419,116,102
1149,430,116,98
1200,428,118,101
1226,416,120,101
1237,401,119,102
1230,379,125,102
1226,370,125,102
1194,352,122,100
1182,339,126,101
1160,325,124,101
1155,317,124,100
1136,310,120,100
1122,306,121,100
1087,299,121,100
1062,294,119,98
1047,288,116,101
1026,290,117,100
990,277,118,100
973,266,117,101
960,253,115,101
954,243,118,101
934,240,115,101
893,244,112,102
836,248,118,101
749,263,120,99
654,291,115,102
634,318,116,100
610,363,114,101
575,390,117,99
568,433,116,97
582,463,113,97
582,479,114,94
643,497,110,96
684,515,111,95
769,527,111,97
886,539,108,90
968,562,109,92
994,596,111,92
982,625,108,91
986,648,112,94
980,658,122,93
1058,667,118,95
1075,674,115,92
1076,682,118,91
1095,663,119,89
1092,619,120,89
1092,587,121,90
1107,545,120,91
1073,522,119,92
1035,508,118,91
990,498,115,92
908,486,118,94
811,476,117,94
706,471,120,93
668,476,116,92
585,489,124,99
485,496,136,103
392,477,125,100
418,444,126,100
404,402,127,101
377,379,132,102
349,344,135,102
353,340,133,103
349,353,135,102
356,382,128,105
389,417,128,106
412,454,131,105
434,533,126,108
467,561,124,105
467,594,125,105
478,606,119,100
514,611,119,100
561,600,119,99
586,596,120,97
679,572,116,96
743,532,117,97
786,513,115,94
841,476,118,94
868,440,118,96
896,406,118,95
886,395,119,96
864,395,120,94
813,400,121,94
770,407,116,93
766,416,117,93
755,429,118,95
762,431,116,93
790,428,117,93
835,419,116,95
902,408,111,96
956,396,113,95
998,385,111,99
1055,377,112,99
1112,379,113,102
1158,392,114,102
1167,416,111,103
1157,434,113,103
1158,463,109,99
1144,488,104,97
1137,521,111,89
1144,536,109,92
1125,552,108,90
1090,560,110,88
1050,564,105,89
1031,561,105,88
1010,551,104,89
989,542,106,88
958,534,108,91
933,529,108,89
913,517,105,90
896,509,105,89
887,497,105,91
888,495,105,89
905,494,107,90
951,496,111,90
999,496,108,91
1030,498,106,88
1050,500,109,88
1093,504,110,89
1136,511,114,88
1169,512,109,90
1194,501,109,92
1207,484,114,89
1216,457,115,90
1226,428,116,91
1247,395,120,93
1265,375,112,91
1270,356,116,88
1288,322,120,88
1310,305,121,87
1350,285,121,86
1383,280,123,87
1405,289,126,88
1444,313,123,88
1467,341,127,88
1486,365,126,89
1496,392,131,87
1497,415,130,88
1476,429,126,85
1423,434,126,87
1357,443,120,86
1308,445,118,84
1271,441,121,83
1220,442,118,84
1165,448,117,81
1136,451,116,82
1079,462,111,80
1038,470,115,81
999,474,116,81
974,477,114,81
954,483,113,82
925,490,112,81
876,493,114,81
857,495,113,82
818,505,109,79
745,519,114,81
718,525,114,81
716,529,114,80
736,529,114,80
760,528,114,82
787,525,114,82
813,526,115,80
835,528,114,81
856,528,115,82
879,524,118,82
926,525,114,81
986,527,118,79
1058,511,119,79
1105,501,118,80
1144,497,119,83
1166,507,118,81
1185,532,117,83
1205,544,121,81
1204,541,123,85
1188,534,118,80
1173,521,115,79
1145,503,116,82
1108,476,120,84
1121,467,117,81
1144,455,120,81
1167,450,119,84
1181,455,121,83
1206,458,123,85
1243,459,119,86
1275,453,125,86
1306,449,125,88
1365,434,133,86
1425,420,134,86
1472,406,135,89
1458,392,137,88
1455,360,137,92
1463,326,137,90
1444,318,135,88
1385,299,134,90
1365,277,133,89
1344,257,133,89
1316,250,134,91
1287,261,128,88
1218,273,127,84
1142,300,122,85
1126,318,118,82
1071,323,119,82
988,313,116,81
939,308,119,87
857,320,116,82
819,333,113,80
810,343,117,81
797,367,115,83
756,377,113,81
704,383,121,82
677,394,120,81
648,395,119,84
633,395,115,84
594,391,113,85
584,388,125,85
565,381,121,82
536,372,127,83
520,368,121,86
505,366,137,87
512,366,132,87
519,370,132,84
513,371,128,86
522,374,134,84
544,389,123,86
551,425,131,86
554,473,128,88
565,513,131,88
565,567,133,90
572,619,130,93
557,674,126,91
545,705,142,90
529,740,135,91
536,751,142,92
504,766,150,93
478,775,145,94
441,782,149,93
417,791,145,93
425,796,142,93
481,789,167,110
594,770,142,87
696,744,130,86
765,719,142,88
850,695,133,82
909,672,124,84
959,648,119,82
1030,623,113,80
1061,608,110,78
1100,593,118,78
1124,591,114,81
1156,591,118,80
1184,595,118,79
1226,601,125,81
1252,611,123,81
1298,632,124,84
1329,650,129,84
1375,670,129,87
1401,686,129,84
1421,699,131,84
1424,711,131,85
1441,725,133,86
1423,734,128,86
1378,744,121,86
1290,748,128,87
1264,756,132,89
1266,762,130,89
1258,759,131,92
1241,743,119,91
1204,719,135,93
1145,667,131,92
1126,617,124,90
1117,547,120,89
1108,484,130,91
1131,447,136,89
1184,426,143,87
1220,424,122,89
1271,425,142,88
1315,419,127,87
1379,401,132,86
1401,385,132,88
1417,350,139,90
1417,314,141,91
1411,281,143,92
1405,262,138,91
1404,273,137,91
1402,293,136,88
1402,329,129,88
1387,354,133,88
1384,385,135,88
1381,405,143,88
1369,432,127,88
1367,461,133,85
1373,485,129,86
1371,495,132,84
1349,509,127,83
1311,530,122,84
1275,546,125,82
1268,573,121,82
1278,596,125,83
1275,608,123,82
1255,624,121,80
1215,627,121,83
1169,624,119,83
1142,623,120,83
1152,628,116,81
1124,626,116,82
1073,628,125,83
1011,633,114,82
961,645,123,80
906,659,116,79
821,685,120,82
784,709,114,85
775,741,108,84
788,771,126,86
786,789,116,84
817,789,116,86
828,784,113,82
854,765,113,88
887,737,110,93
951,709,108,97
1021,671,115,97
1063,646,113,99
1142,612,117,101
1198,583,111,99
1227,562,115,100
1254,549,115,100
1273,536,116,104
1284,526,120,106
1279,523,116,104
1266,523,113,103
1244,519,111,104
1237,518,113,103
1237,520,113,104
1253,514,119,104
1264,509,114,106
1292,493,120,105
1317,480,125,104
1345,463,121,104
1380,446,120,105
1390,438,120,109
1396,429,120,110
1399,429,120,108
1407,430,119,107
1442,422,118,111
1463,408,129,108
1480,385,125,111
1500,361,126,112
1501,348,126,111
1480,346,125,112
1441,362,125,109
1402,395,119,107
1362,432,118,104
1321,466,117,104
1282,504,112,101
1239,530,111,101
1201,542,108,97
1153,547,109,97
1093,550,112,96
1053,549,109,95
982,546,108,95
914,542,108,95
869,535,110,94
844,524,111,92
831,519,108,93
829,521,112,90
822,526,113,90
834,537,106,95
842,550,107,93
860,565,106,95
877,577,107,92
925,588,109,93
965,598,113,94
1018,600,114,97
1038,605,107,96
1059,600,110,98
1061,599,107,96
1066,597,107,96
1084,595,109,96
1103,589,110,97
1134,575,110,92
1137,545,112,93
1100,515,116,94
1049,478,111,92
999,438,113,91
947,401,114,93
896,372,116,94
844,344,117,92
837,341,115,92
808,350,113,91
791,373,111,93
786,398,115,91
807,427,111,90
835,447,112,91
883,463,115,91
906,477,110,88
943,477,111,90
1001,467,110,92
1038,450,108,88
1073,417,112,92
1090,397,111,90
1098,372,112,91
1100,334,115,92
1092,292,116,91
1104,272,118,93
1144,244,116,94
1133,234,121,96
1063,216,117,95
1036,210,118,94
