332,464,106,158
351,479,268,147
280,443,223,159
534,474,195,139
531,449,236,161
557,433,315,191
362,466,172,176
104,437,281,148
411,448,235,171
112,432,284,152
478,480,212,145
502,466,184,161
352,450,58,129
478,490,97,141
468,464,216,170
528,477,145,157
243,453,149,129
560,467,69,166
327,456,496,170
544,465,180,161
604,448,150,185
424,448,319,187
547,462,183,164
206,427,191,156
530,455,160,167
476,431,80,172
223,448,183,133
118,432,288,153
519,442,213,189
529,456,181,170
191,424,396,184
618,439,113,188
596,446,162,187
544,437,200,197
593,463,158,172
482,446,189,176
534,450,211,183
603,481,140,153
548,455,203,177
608,506,139,128
625,447,129,186
604,523,141,112
530,446,216,189
580,444,164,188
492,460,255,174
530,461,214,173
539,440,209,194
554,444,195,187
607,478,141,156
535,460,204,173
627,453,90,172
492,441,256,192
627,460,121,168
576,473,162,161
300,451,359,169
515,443,231,179
516,428,205,203
572,480,136,151
647,431,80,206
371,395,368,245
638,443,98,179
471,426,244,198
578,442,146,187
279,449,283,160
546,452,172,175
590,478,138,160
331,455,198,131
108,422,283,161
592,482,108,144
584,450,154,187
534,472,190,171
199,441,205,146
565,450,122,173
521,461,69,153
580,435,161,192
336,453,58,129
264,420,61,57
264,419,58,60
264,421,59,58
264,420,58,59
264,420,58,61
265,422,58,63
262,421,62,77
265,422,181,110
535,465,135,166
509,474,18,121
552,488,71,151
597,458,147,152
591,497,129,128
570,476,171,157
570,476,171,157
245,432,143,151
534,483,113,158
597,478,149,160
544,485,159,133
260,435,133,146
542,490,97,129
544,459,298,156
560,466,156,164
504,467,215,169
533,490,156,119
270,438,121,141
533,470,76,128
581,491,126,160
553,478,178,152
553,478,178,152
233,440,163,143
583,516,73,111
526,449,190,186
514,469,200,166
533,460,193,171
563,495,115,109
542,479,199,161
503,465,185,148
537,489,187,147
219,437,175,145
553,483,112,147
556,476,277,148
537,482,178,147
222,429,172,154
541,476,134,158
517,477,87,132
540,452,188,173
589,491,134,140
582,470,156,167
257,419,135,162
551,487,88,139
517,474,233,168
517,474,233,168
573,483,32,132
552,477,182,143
554,482,172,158
230,424,163,158
559,460,115,172
266,424,238,176
587,447,130,186
262,434,135,149
199,415,359,195
615,477,121,156
535,484,225,153
186,424,245,167
630,438,133,186
540,415,223,210
680,448,90,189
531,410,175,208
476,452,208,165
116,395,281,190
713,466,64,150
568,429,283,200
595,434,134,182
335,429,174,162
114,442,281,140
238,440,411,173
592,464,177,167
576,463,161,172
480,457,253,177
107,421,335,172
519,482,192,151
596,508,95,107
458,435,252,199
458,435,252,199
458,435,252,199
116,439,283,145
379,441,281,180
446,441,148,166
135,408,268,179
410,468,158,160
136,430,262,155
570,451,150,164
531,434,211,183
561,457,201,162
380,465,368,150
364,444,137,178
523,425,240,190
380,457,352,160
371,421,296,195
386,459,132,152
117,424,391,170
400,479,269,130
115,435,274,149
546,448,159,168
217,435,179,149
200,421,219,166
117,421,278,166
474,459,249,158
474,459,249,158
232,438,158,147
460,442,193,176
457,450,95,145
342,441,184,121
295,437,110,169
441,453,56,105
451,407,102,207
427,455,328,162
412,458,132,148
380,462,148,132
107,413,333,182
463,456,56,149
449,460,249,157
480,461,233,150
481,454,163,163
448,448,321,167
454,455,98,144
206,434,236,156
581,446,175,171
581,446,175,171
458,466,88,141
347,454,204,131
113,430,234,156
516,455,143,164
534,453,179,179
576,452,112,176
556,464,155,170
530,463,206,169
641,456,112,173
560,481,257,146
262,437,107,158
333,443,227,168
524,443,205,179
553,445,224,181
606,434,165,193
274,438,146,164
229,437,161,149
524,460,135,156
228,416,227,216
734,444,105,182
564,449,288,177
735,444,123,176
625,453,228,176
724,430,138,197
617,417,248,212
727,436,138,189
561,417,311,214
729,433,97,187
605,431,255,199
723,449,150,173
687,446,184,184
735,434,104,197
544,433,226,195
570,425,295,202
575,441,185,173
533,436,190,179
538,456,301,170
669,436,146,186
534,416,202,203
719,498,67,120
720,477,135,151
570,437,283,194
730,392,63,221
629,444,219,190
727,478,124,150
552,422,180,194
502,452,249,169
523,463,203,152
399,419,325,193
530,420,198,190
529,419,276,212
679,436,139,186
536,413,146,201
181,426,325,204
645,432,103,194
605,473,134,140
628,517,120,108
625,456,122,157
560,469,173,160
230,436,160,168
75,390,581,230
520,461,176,172
172,401,221,203
88,397,536,229
434,467,187,171
125,387,410,224
240,413,138,147
396,468,137,186
108,432,154,176
389,461,152,192
126,424,622,197
343,455,122,199
494,427,260,194
291,453,156,185
245,436,105,180
237,451,150,191
531,461,163,155
528,423,218,185
400,467,303,148
255,431,260,209
328,467,394,146
309,470,134,183
531,438,196,179
529,430,338,194
356,476,329,140
367,480,270,150
418,455,263,161
356,462,252,155
462,461,263,160
471,459,152,194
118,442,225,146
549,470,90,163
497,486,216,192
226,440,145,154
113,430,255,155
598,450,90,182
530,451,254,180
602,455,132,179
600,461,164,166
352,424,138,137
131,411,294,182
543,481,254,144
528,373,208,240
521,450,294,174
711,441,117,184
537,441,214,184
530,436,292,188
532,438,255,174
526,440,215,173
463,430,280,183
109,445,273,159
522,446,191,187
687,453,96,172
643,455,120,157
610,451,267,183
678,439,76,180
603,448,266,197
626,458,55,157
657,454,51,141
767,411,108,210
528,448,251,194
651,465,119,174
534,468,163,151
222,437,164,147
513,462,141,180
326,442,242,171
111,435,276,150
548,485,143,153
264,443,349,191
493,458,179,198
120,368,270,216
473,456,102,201
566,448,268,174
426,457,145,193
568,451,305,171
419,466,392,149
335,455,143,196
529,463,233,154
504,429,352,196
289,448,203,195
360,463,117,166
538,413,193,203
363,455,502,171
392,468,109,184
108,443,275,144
99,429,281,158
93,425,293,161
102,418,286,166
471,467,235,167
393,384,30,192
340,459,237,159
125,419,271,165
470,472,105,146
292,432,455,189
467,467,101,155
207,427,361,170
120,434,272,152
120,434,272,152
424,466,192,141
492,425,229,191
217,442,187,144
177,406,242,183
535,451,209,166
536,430,146,176
208,436,182,149
107,415,287,169
400,421,296,192
112,435,278,154
155,407,283,184
116,404,276,179
468,439,249,177
115,423,274,162
529,399,198,219
112,370,282,218
529,454,171,162
357,389,77,198
539,463,135,152
535,402,254,221
529,424,298,193
136,428,383,172
109,430,326,164
112,416,465,188
529,455,168,155
209,397,232,190
113,413,283,172
110,420,282,165
100,419,288,166
110,415,280,170
103,418,288,170
104,411,286,176
112,417,280,167
108,425,326,166
112,430,300,156
137,421,354,175
141,434,440,168
537,405,152,206
197,415,206,173
109,425,282,161
536,427,195,191
156,422,236,166
555,430,163,183
420,433,312,180
245,443,430,174
552,450,160,167
552,450,160,167
481,400,19,190
559,454,65,163
537,295,201,322
120,442,359,151
534,446,167,170
521,453,232,164
529,438,173,184
524,432,179,192
523,442,249,185
112,424,283,161
173,423,229,163
489,447,223,171
487,445,183,179
481,452,213,173
473,451,129,172
473,447,278,171
120,443,272,143
536,439,163,179
508,443,255,174
470,462,111,168
473,484,71,140
405,470,129,150
585,445,185,172
455,457,10,145
488,467,58,148
488,464,143,150
495,447,252,178
475,464,160,168
497,480,190,153
525,469,72,148
534,462,212,157
601,455,131,163
609,459,135,168
598,505,119,131
572,467,193,132
534,462,188,163
598,453,143,164
527,442,227,193
679,456,124,188
481,409,219,203
113,424,279,161
621,441,109,190
535,443,217,185
711,462,12,143
743,535,32,89
741,450,112,128
642,499,208,155
532,423,209,192
602,444,238,187
576,443,221,185
737,451,125,205
505,461,223,155
518,405,173,208
781,508,87,123
582,427,264,264
174,450,244,147
108,436,283,152
215,435,231,153
660,511,88,165
551,429,326,237
721,474,142,177
769,539,99,134
786,460,79,214
733,522,123,150
538,451,211,180
472,497,236,131
489,476,195,145
365,456,41,131
203,466,134,117
118,436,428,152
698,453,153,195
522,408,318,239
522,408,318,239
522,408,318,239
680,452,84,178
534,458,300,169
533,477,147,137
257,450,345,149
589,460,10,146
538,443,130,177
625,477,127,152
550,464,182,164
533,461,179,159
540,475,153,154
540,475,153,154
498,462,176,184
495,461,240,163
471,480,218,148
550,458,199,156
