641,675,118,91
609,576,62,64
587,562,33,40
588,540,32,38
590,538,32,46
591,541,35,47
591,543,35,45
594,543,34,43
600,534,32,45
604,530,32,39
606,524,34,46
611,532,45,38
614,538,61,17
620,542,49,45
624,541,45,41
626,517,37,90
631,520,40,68
631,514,42,74
631,514,42,74
660,504,47,69
645,506,51,82
680,513,105,55
654,519,49,78
674,510,28,77
699,518,17,69
676,517,29,64
673,525,34,60
677,540,32,61
675,522,35,65
776,528,10,52
777,531,24,31
777,535,26,34
776,537,25,31
775,537,25,40
776,536,25,36
775,534,39,38
772,534,28,35
774,533,26,33
766,534,33,35
761,538,40,35
687,556,28,50
669,522,45,80
684,543,29,42
686,547,28,37
685,547,41,44
687,543,29,48
684,551,31,46
685,543,30,34
680,551,59,44
695,543,88,35
695,542,37,35
716,497,37,58
619,508,34,41
678,530,34,58
717,493,30,79
613,473,34,71
720,532,21,34
726,540,32,38
727,545,31,35
731,553,30,37
732,559,28,33
734,563,28,36
737,552,28,51
738,556,27,49
697,553,64,44
736,562,33,38
737,561,33,33
691,551,28,34
688,551,25,42
684,545,24,46
679,543,26,48
676,539,26,45
713,548,14,42
713,548,14,42
727,547,30,30
725,544,18,29
722,539,30,31
684,531,20,27
708,546,38,50
710,553,35,38
750,554,56,45
743,544,60,51
704,557,32,32
705,556,30,28
703,554,28,32
703,553,27,28
704,552,72,37
700,552,33,49
704,549,25,32
705,538,25,38
704,536,26,33
669,535,51,35
590,521,61,28
656,533,46,40
595,447,64,31
601,447,59,36
600,449,58,36
619,447,40,36
614,445,44,39
616,451,42,36
616,459,41,39
611,463,43,33
678,552,39,12
703,555,21,27
737,558,31,54
741,570,52,55
741,570,52,55
689,565,41,33
748,549,44,55
664,567,93,62
745,558,50,51
749,553,47,50
760,572,46,37
731,578,48,43
731,571,47,49
715,561,61,47
742,561,37,40
753,553,23,39
762,543,44,23
752,548,25,29
751,554,25,26
808,528,13,26
768,550,26,31
819,526,26,31
761,534,27,57
832,528,30,37
827,572,34,49
820,573,27,32
823,575,23,27
824,573,23,31
801,564,45,34
800,570,45,24
775,559,67,29
818,550,32,32
795,573,17,24
801,581,19,26
822,570,38,29
822,569,37,32
821,563,51,13
823,552,34,34
824,540,22,30
802,529,85,18
878,503,36,52
936,508,29,28
938,511,27,28
940,513,25,29
942,514,24,29
944,510,24,29
894,504,31,49
903,500,41,41
939,492,28,29
942,487,28,31
921,488,37,36
905,503,33,31
949,482,28,30
959,478,21,32
948,478,25,45
963,477,22,28
964,471,20,31
968,465,20,27
946,479,29,40
928,468,74,37
943,461,45,27
949,466,35,36
951,471,34,28
959,453,24,41
960,462,27,49
956,467,35,49
949,471,47,49
944,473,59,50
951,476,61,48
941,473,69,45
970,477,38,45
967,469,44,45
972,464,31,41
971,460,26,43
973,451,39,48
969,440,41,43
972,431,28,27
966,429,32,27
929,421,20,24
926,423,32,58
907,447,12,60
929,437,32,43
928,424,51,32
921,412,72,35
832,483,39,34
917,409,17,39
894,379,60,79
894,379,60,79
913,407,16,74
930,421,40,24
924,437,59,22
863,503,20,26
816,511,24,26
826,518,16,26
828,518,53,27
905,488,33,45
917,488,29,38
848,492,61,37
920,463,66,50
851,502,70,32
924,470,51,13
884,488,37,39
969,436,19,30
918,483,19,24
885,469,31,28
881,453,56,37
972,410,23,39
919,461,27,36
919,461,27,36
897,492,56,27
830,559,91,34
901,487,51,29
881,461,64,61
907,476,61,29
893,457,51,43
900,447,47,36
907,439,42,42
907,436,73,54
924,444,69,39
915,442,75,17
982,470,35,22
931,449,74,40
923,441,88,58
932,449,78,50
930,454,65,40
932,457,59,42
938,470,44,33
907,529,40,42
937,489,40,29
937,490,40,30
940,490,38,29
883,554,31,26
882,545,24,41
882,545,24,41
943,487,21,34
946,482,41,38
947,480,41,39
951,479,44,42
955,479,43,40
959,479,43,43
952,481,59,45
971,488,42,39
973,493,40,44
977,495,38,43
979,492,39,42
978,494,43,40
977,496,44,40
980,494,44,42
980,498,40,41
971,484,49,48
947,488,66,48
981,499,42,41
985,504,35,21
986,510,34,33
985,517,34,32
986,518,32,28
988,518,29,34
989,508,26,28
989,496,26,39
991,490,24,37
991,484,25,26
995,477,22,30
997,470,21,40
993,466,26,40
996,462,23,25
997,461,20,25
991,467,28,25
996,474,23,24
996,478,24,21
997,467,23,27
998,468,22,27
998,473,21,29
999,475,20,29
999,477,20,26
1000,474,20,26
999,470,21,29
998,470,21,26
998,472,22,30
998,472,24,29
1001,472,21,24
1000,469,24,32
1001,468,21,25
1003,465,20,24
1003,472,21,28
1002,487,21,26
1001,491,21,26
1001,488,22,25
1001,491,21,30
1003,496,21,26
1003,494,20,25
1002,484,22,42
1001,482,22,27
1001,483,22,28
1001,483,21,40
1000,481,20,34
1000,481,21,39
1000,480,21,40
999,480,20,41
1001,486,21,35
999,491,19,24
995,479,25,55
998,491,27,33
999,490,18,21
998,488,19,27
998,485,19,23
998,482,18,27
998,483,19,22
999,487,19,30
1001,488,18,29
1001,492,17,28
984,487,33,31
994,485,22,31
988,487,26,27
978,489,34,29
986,489,22,30
986,490,23,28
986,496,23,26
986,498,23,37
985,488,23,28
988,478,21,25
986,470,20,32
988,471,18,24
986,473,19,25
985,474,18,24
985,464,18,46
983,467,18,39
985,463,22,24
991,463,20,40
1001,464,23,34
1002,462,24,25
1002,458,25,20
1004,454,25,29
1005,448,27,23
1005,447,28,45
1007,444,25,28
1003,451,27,45
1001,454,23,49
999,460,24,41
995,465,32,54
995,465,32,54
996,465,26,44
997,464,26,44
995,468,27,40
992,465,38,51
985,470,39,25
988,438,38,60
988,438,38,60
988,438,38,60
988,438,38,60
960,477,60,10
993,450,24,36
1002,446,25,42
1000,451,23,39
1002,453,24,35
963,444,53,54
954,477,52,33
995,484,19,24
1002,457,21,36
987,452,38,42
967,442,60,55
877,520,37,74
984,475,29,47
990,450,40,48
980,476,45,50
967,473,55,54
905,504,28,62
815,518,145,71
648,439,38,30
709,447,30,32
753,415,41,35
711,448,25,44
710,444,25,37
710,441,24,43
711,438,24,42
715,439,25,46
729,433,72,10
752,410,51,45
758,388,41,48
759,389,41,45
723,411,41,36
714,427,29,42
715,427,23,46
715,425,26,43
717,422,61,43
721,419,28,50
762,378,40,50
719,415,22,51
718,420,24,46
736,418,41,43
738,418,56,27
731,419,60,20
730,424,57,11
717,424,24,30
717,419,33,29
732,398,53,37
759,393,24,29
753,386,27,23
746,381,36,25
735,382,48,36
719,396,37,35
740,381,41,21
740,371,42,32
732,373,48,29
725,368,58,37
