905,671,205,157
885,675,211,149
945,683,235,159
1163,697,133,170
1166,691,127,179
876,690,258,168
1101,696,63,162
921,699,205,158
925,703,205,152
1187,683,48,165
1001,646,389,147
1227,637,143,161
1166,644,154,154
1305,638,124,178
1312,600,121,177
1185,575,89,157
1028,563,224,158
1065,543,219,150
1362,514,120,155
1259,491,228,171
1381,500,132,174
1339,521,122,169
1366,578,126,177
1057,563,228,158
1257,635,155,174
1020,618,218,163
999,608,218,157
1016,568,221,150
1322,568,120,174
1040,569,215,160
1024,611,219,156
1017,619,215,161
1319,648,127,147
1040,569,207,155
1008,525,222,144
982,491,213,156
969,552,213,159
979,591,230,155
928,635,223,160
801,722,233,162
775,776,231,158
852,771,222,146
792,733,230,152
938,672,215,154
949,620,230,151
1260,630,126,169
1263,614,125,167
1239,608,132,170
1137,573,195,174
1185,583,126,175
1150,570,133,179
1105,576,118,140
843,519,166,159
806,520,210,149
1038,543,126,174
765,476,234,155
1002,524,158,179
880,513,307,188
1098,546,137,196
1122,556,67,126
926,525,129,151
822,515,286,173
908,496,158,130
1111,504,118,169
1116,532,124,167
1100,541,127,165
1020,511,142,184
778,396,237,156
787,397,229,106
1076,480,129,175
892,527,239,169
804,528,222,154
717,511,224,157
1058,526,123,161
1099,453,135,149
876,408,226,154
922,411,226,162
967,417,213,154
961,423,224,154
1076,449,138,136
970,451,220,162
977,463,214,158
969,461,211,155
962,440,207,156
1176,431,36,142
1029,434,325,165
1160,478,83,135
938,485,226,160
895,534,210,157
908,524,212,154
978,431,207,151
1308,379,134,176
1088,375,199,165
1021,559,204,165
918,639,198,161
887,609,204,154
1173,561,75,162
1025,427,200,169
1053,424,198,158
1131,474,214,182
1173,519,185,173
1416,460,64,182
1183,370,211,172
1422,296,66,172
1189,259,200,174
1219,283,171,176
1178,366,209,170
1107,407,211,166
1109,393,214,169
1132,361,187,168
1176,289,201,152
1102,231,215,163
1135,221,211,163
1156,232,198,167
1388,294,155,165
1123,270,214,176
1373,235,33,154
1381,145,158,140
1317,161,226,171
1268,242,201,174
1402,257,134,162
1412,205,222,175
1631,179,42,159
1448,169,150,112
1318,204,217,179
1341,272,110,170
1120,322,214,177
956,337,190,158
952,313,204,166
890,308,198,155
832,294,202,157
878,287,206,167
900,295,200,159
862,296,200,143
845,312,203,162
796,357,210,152
773,397,202,163
805,420,202,167
817,421,201,139
838,446,200,156
1103,503,67,143
892,507,162,151
858,500,203,154
944,441,212,154
1163,384,207,159
1158,339,214,165
1151,405,177,165
1100,463,193,161
1047,407,201,157
986,253,206,154
1309,196,139,176
1140,128,215,154
1048,166,215,130
994,265,214,162
1105,359,21,137
1083,476,26,51
1088,468,22,44
1106,452,50,45
1101,461,56,39
1021,455,84,72
869,350,209,155
732,297,215,150
816,280,205,147
772,241,222,133
892,195,43,133
852,148,231,142
749,140,238,112
728,235,223,148
736,316,233,146
815,305,181,143
743,259,218,150
740,238,217,150
769,222,174,128
756,179,226,149
1033,181,157,180
1043,195,146,164
745,195,222,152
738,226,224,153
995,269,152,156
739,247,225,152
998,285,149,159
737,275,226,149
696,265,241,148
890,248,159,147
751,226,228,148
858,236,173,118
715,222,221,155
701,221,242,151
710,229,238,151
841,264,186,138
773,257,209,152
802,242,217,153
822,231,230,150
839,242,227,151
834,238,232,159
834,242,222,153
832,277,227,158
832,295,224,150
843,291,226,148
863,283,237,156
907,260,218,156
932,235,231,152
935,249,230,157
952,249,228,157
999,245,238,151
991,275,232,161
1008,332,232,148
1031,353,226,156
1023,355,222,155
1248,373,160,165
1272,358,58,144
1072,309,153,143
1137,311,86,137
949,266,220,143
949,293,214,155
947,314,228,151
943,304,221,149
954,258,244,150
962,250,222,130
946,271,218,156
934,305,214,156
851,307,228,155
805,286,234,154
864,300,136,124
708,324,212,165
746,362,209,138
747,422,218,164
729,463,233,161
749,498,222,153
749,482,224,156
769,434,218,113
797,389,230,147
829,342,226,137
892,329,184,138
885,358,218,154
902,392,221,152
920,423,216,152
920,424,222,136
895,416,220,122
870,430,225,139
832,514,228,143
789,540,218,152
998,549,141,159
750,507,216,153
778,517,223,151
775,535,209,151
773,551,220,156
809,534,216,143
862,518,216,149
900,525,223,157
893,536,225,156
974,577,212,155
833,562,214,149
820,544,215,150
831,530,216,151
869,524,225,150
908,509,217,151
1161,515,109,160
920,488,212,153
950,497,218,157
925,500,232,147
915,492,228,151
901,477,216,147
873,471,225,142
829,455,227,152
825,446,231,153
827,454,222,150
830,473,234,148
841,481,227,131
850,468,222,147
850,468,239,143
891,465,226,154
954,410,222,152
1012,342,183,147
981,340,228,150
967,463,226,157
904,585,190,158
827,603,222,148
813,571,200,147
1075,551,58,148
873,504,175,150
1171,432,130,159
877,332,223,151
1177,326,79,161
935,321,219,141
955,384,179,144
897,417,202,150
846,454,223,134
814,486,227,142
796,486,232,152
845,464,183,141
833,418,229,144
851,400,218,155
861,400,223,149
862,415,227,123
837,433,227,141
821,440,230,151
804,449,217,154
785,451,226,151
785,455,241,146
795,456,215,160
790,459,225,151
792,455,223,123
791,461,216,157
849,472,189,151
845,429,212,150
843,404,201,145
832,420,204,157
843,465,200,132
829,450,204,151
866,444,177,143
837,449,208,156
866,447,201,155
866,436,211,151
864,418,207,158
866,413,208,159
876,405,202,148
873,407,254,173
1134,448,132,187
841,437,200,154
796,465,197,156
727,477,206,156
698,471,192,139
692,463,201,163
673,463,204,154
657,457,209,164
752,446,119,153
678,417,186,163
773,395,123,145
694,378,196,159
690,370,206,155
690,374,206,158
687,382,208,163
677,390,207,125
673,396,202,166
669,405,210,154
665,403,206,154
669,407,203,155
676,412,201,158
672,409,204,164
675,420,202,160
683,433,197,155
693,438,199,153
711,433,193,128
711,427,201,157
713,428,201,155
717,432,204,158
734,444,189,156
725,451,202,160
730,450,202,149
728,432,202,151
732,429,198,157
742,431,195,154
741,433,198,152
