1244,409,228,478
1257,426,133,124
1283,426,185,239
1531,106,105,85
1577,53,77,121
1561,52,75,117
1574,37,76,136
1735,117,78,112
1575,96,76,111
1574,91,76,115
1561,73,81,123
1541,56,77,113
1535,39,79,115
1540,29,77,119
1536,35,87,129
1553,75,77,90
1562,89,79,115
1570,94,79,113
1555,92,78,108
1547,60,79,113
1555,50,80,113
1560,47,81,111
1532,76,75,114
1583,83,77,97
1556,83,78,115
1521,89,70,89
1574,64,73,103
1581,37,80,120
1563,35,80,113
1534,41,76,121
1555,63,77,111
1590,67,67,90
1620,81,59,77
1589,110,48,49
1588,111,74,115
1577,105,60,80
1590,61,47,53
1582,34,50,57
1583,40,73,113
1706,56,71,88
1703,114,51,43
1733,126,78,87
1670,163,82,112
1689,139,84,108
1690,84,84,111
1659,56,81,111
1643,41,80,113
1643,43,72,71
1666,56,71,44
1672,70,51,50
1679,85,46,47
1661,96,50,45
1646,105,41,42
1653,105,76,107
1649,106,67,65
1647,95,57,45
1642,89,74,111
1644,91,78,95
1649,94,75,46
1649,102,47,44
1659,97,74,63
1669,95,76,115
1645,96,51,40
1647,85,77,114
1631,77,77,110
1598,70,47,48
1616,58,50,45
1551,72,54,50
1578,90,39,46
1580,117,39,43
1594,133,43,41
1610,138,72,60
1620,129,77,51
1609,128,67,41
1590,123,52,39
1667,162,50,73
1573,100,65,49
1551,114,41,38
1566,124,82,79
1586,141,57,45
1594,131,78,63
1586,159,71,43
1586,159,71,43
1616,94,106,145
1627,100,70,131
1624,102,66,65
1650,98,74,83
1592,134,71,129
1642,133,78,78
1644,143,79,133
1648,130,79,67
1643,122,72,82
1656,113,75,53
1648,124,71,59
1642,143,66,44
1644,120,70,82
1645,137,41,53
1653,121,65,98
1649,115,72,137
1649,115,72,137
1648,118,74,143
1653,152,70,116
1656,158,72,111
1657,152,74,113
1751,87,139,70
1719,68,24,188
1760,44,123,78
1775,148,64,99
1825,34,94,89
1818,71,99,69
1824,82,54,51
1815,70,68,61
1812,69,82,66
1739,38,65,51
1813,52,89,73
1805,56,109,83
1812,29,104,116
1799,120,110,30
1811,57,94,89
1791,41,114,174
1774,47,87,252
1802,21,104,130
1771,118,74,74
1731,44,52,51
1792,57,78,54
1738,51,166,89
1677,125,155,76
1647,156,74,134
1655,155,202,45
1671,139,73,120
1675,131,103,121
1643,145,80,132
1700,52,130,104
1637,136,47,125
1730,50,103,53
1814,36,98,116
1651,159,70,131
1814,34,87,117
1654,155,71,120
1695,83,201,76
1641,135,77,139
1687,89,49,147
1791,22,111,117
1650,147,77,141
1650,156,59,50
1652,158,76,47
1648,155,63,29
1654,139,71,59
1649,139,81,47
1648,153,78,50
1651,138,83,70
1645,138,113,127
1641,140,84,50
1637,154,68,38
1647,155,71,40
1644,156,82,48
1800,79,26,61
1760,65,19,22
1737,52,39,30
1778,60,10,21
1750,38,62,18
1750,38,62,18
1746,42,31,29
1740,42,66,36
1819,59,64,48
1818,9,68,112
1649,152,57,76
1732,44,93,60
1640,159,45,36
1642,156,49,48
1642,156,49,48
1732,72,44,34
1772,93,10,20
1748,85,24,22
1744,78,37,26
1757,70,37,27
1775,49,40,26
1830,65,36,26
1836,76,34,19
1847,82,32,23
1849,83,70,21
1850,32,70,75
1704,143,74,89
1698,153,28,32
1704,155,60,38
1787,65,53,17
1778,62,49,32
1801,66,41,29
1814,53,42,29
1851,52,56,34
1856,0,63,71
1772,21,71,53
1779,38,100,66
1685,161,37,34
1682,161,74,46
1775,47,39,34
1783,34,40,28
1837,50,39,28
1852,63,41,37
1776,47,42,33
1799,56,21,23
1838,67,22,24
1859,59,31,22
1863,56,40,28
1872,58,32,28
1870,61,40,32
1850,62,42,25
1841,60,63,26
1873,52,32,58
1798,41,40,28
1831,52,42,27
1846,53,42,26
1888,80,31,24
1869,78,38,27
1866,64,48,39
1809,33,45,31
1814,30,81,41
1793,54,88,58
1719,190,82,44
1709,186,84,67
1702,219,84,120
1690,207,71,60
1706,171,104,27
1676,199,73,47
1668,196,82,46
1669,194,83,51
1665,195,93,14
1665,210,38,27
1647,210,82,40
1648,194,79,57
1647,183,88,68
1642,199,87,135
1646,208,70,40
1653,211,70,39
1650,214,69,39
1658,217,35,32
1659,226,37,29
1648,243,46,26
1647,259,45,28
1649,268,70,41
1739,154,23,80
1737,145,52,30
1735,141,73,39
1738,142,50,32
1753,148,71,43
1738,151,49,33
1793,161,39,37
1747,134,47,35
1749,125,43,28
1754,131,43,27
1754,142,43,32
1758,155,41,30
1769,158,39,28
1778,154,28,27
1766,144,37,33
1775,142,28,27
1768,148,32,26
1759,151,37,32
1775,158,28,26
1779,161,27,25
1767,160,67,25
1838,178,32,29
1862,185,42,30
1859,194,43,30
1863,199,38,28
1860,202,41,27
1865,201,43,28
1875,152,35,102
1855,193,63,60
1870,148,44,99
1864,188,55,27
1867,189,51,24
1868,194,39,23
1870,196,38,24
1863,198,51,21
1858,211,48,24
1858,219,60,54
1835,227,74,77
1757,182,138,56
1761,139,133,52
1763,115,137,70
1763,115,137,70
1641,239,84,131
1833,153,87,121
1652,273,88,150
1673,99,83,85
1658,193,42,68
1683,129,43,30
1709,120,37,26
1763,97,27,41
1756,120,38,36
1793,140,34,27
1810,179,32,30
1863,213,33,52
1845,218,47,47
1841,186,44,44
1837,160,43,52
1746,140,42,29
1750,147,47,39
1771,197,38,41
1781,232,50,32
1827,261,36,27
1835,259,32,27
1817,237,56,28
1840,224,32,25
1840,211,34,28
1860,216,58,39
1873,226,43,32
1877,204,40,68
1904,159,16,47
1898,150,20,45
1886,149,33,64
1899,153,21,33
1897,145,22,35
1883,93,30,43
1873,52,44,72
1864,0,56,129
1748,222,63,34
1755,219,81,112
1774,210,83,119
1760,209,77,109
1770,196,91,117
1757,190,83,105
1751,175,81,108
1735,173,80,109
1726,167,80,109
1769,161,84,43
1835,159,82,116
1831,164,87,115
1826,156,89,119
1802,145,74,119
1758,136,67,114
1732,133,70,109
1752,134,68,116
1771,128,70,111
1779,108,68,114
1727,75,69,116
1684,53,66,120
1789,67,127,132
1722,54,67,125
1744,67,67,140
1750,90,67,122
1747,77,71,134
1748,90,70,119
1762,90,69,128
1751,115,66,135
1743,142,66,124
1765,143,71,129
1772,133,69,127
1761,135,66,125
