1016,866,292,50
1152,648,153,154
1188,749,107,89
1180,744,67,208
1117,645,133,132
1158,714,153,87
1170,750,136,93
1145,753,120,227
1157,746,153,69
1099,674,143,238
1134,743,164,169
1058,826,132,111
931,998,124,80
1168,826,50,155
1166,768,100,213
1036,723,68,272
1169,642,141,164
901,751,255,218
795,888,370,191
1114,733,158,119
1216,748,97,66
1201,747,99,73
1057,755,88,126
1108,986,47,69
1095,990,59,89
1047,977,111,102
1143,761,133,101
1094,974,191,35
1042,982,128,98
1108,754,144,165
1204,751,109,59
1195,746,121,63
1186,673,62,103
1149,742,165,66
1178,667,112,150
1033,889,117,105
1033,889,117,105
1181,664,49,104
1199,673,109,134
1213,750,41,190
1231,753,21,192
1117,923,125,54
1127,937,149,141
1103,880,185,197
809,737,206,245
682,627,224,249
783,733,136,299
751,753,217,147
937,656,136,178
847,828,88,215
1038,845,163,235
696,534,219,193
682,628,227,256
735,624,226,164
578,778,413,250
703,774,163,140
912,650,208,84
892,704,114,63
1092,719,48,89
1131,605,63,180
955,565,230,106
944,582,213,163
941,595,211,118
935,600,183,275
935,599,192,308
900,695,267,200
893,691,156,103
929,567,194,86
1093,794,67,104
1047,808,99,212
1038,681,200,231
944,525,237,137
1071,814,78,185
1010,697,117,98
924,638,226,110
1046,764,142,85
929,615,199,175
912,541,229,112
1008,699,119,106
887,703,224,89
904,781,79,204
921,718,304,308
884,692,231,208
897,693,188,181
1088,794,232,237
1055,802,252,226
1059,828,65,213
852,646,194,118
745,719,268,160
722,708,314,179
696,689,251,183
718,724,206,147
875,720,79,223
889,704,63,98
872,797,52,71
872,804,56,95
835,929,45,86
817,976,23,94
781,994,22,86
685,934,89,141
838,841,143,156
1095,678,132,90
1099,677,132,89
1100,677,128,87
1102,677,125,89
1103,676,126,89
1099,677,125,87
1092,676,136,91
1141,672,95,96
1149,673,78,92
1138,675,92,89
1111,674,117,91
1094,681,135,84
1032,899,249,23
990,865,67,214
1096,673,133,91
1088,682,146,100
1165,675,69,92
1089,634,143,131
1071,616,159,145
1050,587,168,157
1012,539,148,171
1077,671,158,100
1089,676,137,91
1090,676,139,92
1090,678,139,87
1091,675,136,87
1092,677,137,90
1093,678,136,88
1090,677,139,87
1116,906,121,54
973,763,70,308
1101,663,136,103
1047,601,186,166
1064,595,166,173
1054,613,177,158
1062,662,170,110
1050,651,182,121
1083,661,153,116
1108,674,121,96
1109,675,121,94
1106,675,121,94
1070,671,158,97
1083,668,147,99
1088,675,144,91
1087,674,144,90
1112,676,118,90
1124,669,110,106
1122,782,112,170
1021,878,59,202
1073,740,58,307
1057,570,156,170
1169,749,144,61
1025,811,146,168
1102,764,60,188
1178,853,35,147
1036,837,78,240
1053,614,186,145
1049,616,160,138
1058,622,145,131
813,575,496,232
818,553,398,268
1150,745,153,210
805,585,220,236
638,663,47,242
814,620,76,320
722,762,303,273
869,722,262,221
494,756,180,158
486,766,188,150
825,689,132,389
829,676,132,113
865,708,290,298
851,758,316,319
609,785,238,193
484,766,185,147
835,773,112,156
1075,682,56,250
1100,678,127,87
1102,675,130,90
1102,678,126,87
1099,673,129,89
1095,672,136,95
1039,866,99,60
1039,893,45,177
928,835,162,244
1094,673,92,163
1126,683,169,124
902,853,196,218
884,855,217,225
903,860,198,218
914,835,201,245
911,855,231,225
957,860,270,217
901,861,169,217
861,843,231,237
908,866,183,213
1098,668,133,100
1093,678,140,88
1099,676,135,90
1101,679,130,88
1103,676,130,89
1103,675,128,90
1105,677,126,88
1103,676,129,91
1106,676,126,87
1103,675,126,90
1102,676,128,92
1102,674,130,90
1103,677,129,88
1102,677,130,87
1101,674,131,93
1097,675,138,92
1086,674,147,93
1043,882,69,103
1043,882,69,103
1094,877,24,199
1078,872,32,205
1078,872,32,205
1029,903,83,176
1046,867,169,77
1160,672,77,94
1152,657,127,190
1014,864,238,216
1011,775,100,302
961,881,172,194
1022,815,110,242
970,858,137,222
1133,671,101,103
1127,670,100,95
1125,673,107,91
1127,676,103,89
1118,676,108,88
1112,677,113,88
1103,676,126,91
1094,676,136,89
1096,678,134,88
1098,674,135,95
1095,679,121,83
1099,677,128,90
1095,676,137,88
924,748,147,220
837,792,214,147
893,785,192,185
880,766,213,200
839,722,173,312
835,618,109,244
904,818,199,139
919,838,188,123
1113,677,112,134
907,776,226,180
886,702,119,374
897,835,172,244
1039,700,214,163
954,842,207,223
1084,622,228,219
951,841,185,226
972,709,167,367
906,829,222,250
867,795,272,284
883,796,268,284
883,745,226,335
1124,609,111,171
1127,680,108,83
957,725,220,115
1091,655,144,117
1024,612,198,232
1003,609,223,160
1080,601,149,167
1090,609,143,156
966,663,135,360
1004,636,104,435
1084,586,142,175
930,852,172,175
1069,706,88,279
1088,676,77,228
1092,672,12,380
998,901,93,115
1006,791,92,287
1042,644,166,125
1117,662,108,112
1140,648,90,115
1142,650,87,117
1149,654,81,112
1150,656,79,111
1152,649,76,118
1148,648,81,117
1146,649,82,118
1149,650,80,117
1153,665,77,104
1156,658,74,107
1159,660,71,106
1153,658,75,109
1143,678,86,88
1139,654,88,113
1142,666,87,100
1145,673,83,93
1149,674,79,92
1150,674,79,94
989,620,63,51
1069,651,79,121
1155,651,76,119
1073,620,161,150
1126,748,182,62
1158,651,88,120
1039,620,190,144
1039,620,190,144
1132,658,80,153
1130,676,98,89
1127,679,101,86
1111,678,115,89
1091,676,135,90
1090,676,134,91
1097,678,129,88
1099,676,127,91
1099,677,128,90
1100,678,128,88
1100,678,126,89
1099,676,128,90
1099,677,129,91
1097,678,131,89
1095,676,131,89
1090,677,136,91
1093,676,132,91
1070,597,140,142
1094,632,69,276
1094,632,69,276
1094,632,69,276
874,857,140,223
945,875,168,204
903,838,196,240
896,838,166,242
899,799,235,278
875,861,312,219
898,858,138,219
948,884,168,193
940,893,181,184
897,904,224,174
948,901,174,177
998,922,257,158
914,866,119,211
1153,748,12,129
1165,716,57,52
1151,674,73,94
1121,673,101,93
1094,673,129,93
1090,677,133,92
1091,675,132,94
1091,677,131,91
1094,677,127,91
1093,674,129,92
1089,675,135,107
1092,672,130,94
1133,820,100,144
1094,675,135,90
1097,673,163,167
782,685,196,170
882,657,218,227
943,609,141,169
981,724,133,120
1012,733,121,105
1021,659,152,155
922,744,203,325
906,730,229,328
934,870,183,210
908,655,217,425
913,625,215,455
922,834,223,238
925,692,219,386
1111,675,100,186
953,701,271,103
1075,697,155,122
939,786,190,277
901,716,127,158
1170,672,104,130
1187,748,123,64
1127,785,51,91
1171,677,63,106
1103,800,95,113
1137,704,119,203
899,893,130,185
1018,809,95,266
997,827,44,253
976,1013,64,67
976,1013,64,67
994,993,96,86
1167,826,56,253
1167,826,56,253
1063,950,49,130
1053,905,69,167
1042,897,86,175
901,725,191,306
1150,730,161,91
1037,527,186,131
1144,680,154,112
1162,726,95,43
1050,809,85,83
1050,733,173,125
1056,907,78,164
1057,896,70,177
1112,808,118,205
911,826,100,252
999,796,199,196
1002,799,184,185
928,891,129,189
1124,746,183,70
1161,672,25,148
1060,787,47,95
1157,668,66,100
1160,669,66,100
1150,676,73,94
1160,672,63,96
1150,677,74,92
1145,675,78,92
1141,673,83,95
1140,678,83,89
1144,678,80,89
1138,672,80,106
1132,676,92,90
1114,675,109,91
1101,675,122,93
1093,677,130,92
1094,672,129,95
1093,675,130,94
1088,672,135,96
1065,717,218,255
876,865,140,213
883,859,217,221
875,812,249,266
866,859,219,219
888,851,219,229
867,841,252,239
860,829,229,241
882,828,241,250
868,841,230,239
867,846,247,232
870,851,245,226
878,860,232,220
872,853,244,227
878,859,239,221
879,855,232,224
882,855,239,225
888,841,238,239
874,844,249,236
872,845,239,235
858,845,239,233
867,826,240,254
865,842,237,238
860,833,251,247
873,825,257,255
872,852,294,227
868,841,188,226
1093,803,104,242
1077,696,43,377
1088,674,22,389
1097,674,98,169
1098,672,125,95
1095,676,128,91
1104,674,119,93
1097,675,126,93
1097,671,127,96
1108,674,113,99
1089,869,36,92
1070,900,38,144
1005,871,100,208
1103,670,106,134
1104,675,107,122
1126,675,98,91
1121,678,104,88
1123,678,102,90
1125,678,99,90
1088,673,135,95
1089,674,136,105
1118,676,108,98
1135,676,90,92
1128,677,97,90
1106,681,117,85
1129,683,95,84
1126,678,98,88
1129,679,95,87
1136,676,86,91
1143,677,79,90
1142,671,82,97
1144,674,81,101
1147,677,77,91
1154,679,69,89
1161,679,64,90
1165,681,60,88
1170,680,55,88
1174,687,95,100
1167,749,146,60
1138,737,173,72
946,724,185,140
913,714,188,303
875,705,134,310
874,817,164,263
893,855,181,225
874,807,215,273
858,827,124,253
1061,966,194,113
