1143,356,295,294
1142,353,292,300
1108,352,288,297
871,356,299,281
1016,351,400,297
1086,345,339,303
1133,311,298,302
1141,277,284,304
1129,229,284,301
1124,200,286,314
1113,198,292,307
1095,205,283,304
1100,234,276,306
1108,270,277,306
1051,306,267,298
1110,329,277,298
1113,330,288,298
1114,338,283,300
1116,350,281,296
1121,354,261,293
1117,356,270,296
1108,356,267,294
1111,353,286,295
1116,355,271,294
1110,355,274,295
1113,354,273,296
1084,353,294,297
1105,344,296,298
1093,326,278,300
1051,285,298,296
951,307,190,286
1110,334,278,298
865,446,288,289
1143,485,298,309
898,568,460,285
1024,510,308,315
677,532,282,297
949,384,293,305
737,378,279,290
828,328,457,278
1082,260,297,309
1052,273,304,306
1104,286,305,315
1085,298,299,313
1066,310,303,313
898,354,228,310
1019,334,307,304
1028,332,286,302
1019,339,285,299
933,350,328,288
969,337,283,298
975,317,278,301
929,301,305,300
936,273,276,300
916,253,285,300
939,245,306,298
1033,268,296,296
782,305,264,281
1109,311,286,302
816,344,284,276
925,374,288,284
961,401,244,282
1288,374,309,310
1304,347,322,321
1302,307,314,314
1228,260,292,309
800,264,315,277
954,211,386,295
1056,205,290,312
983,236,278,300
931,274,298,307
616,345,367,267
788,347,303,292
788,366,300,294
838,393,291,295
700,420,439,297
918,447,275,303
909,487,319,303
977,527,278,306
974,545,316,303
1020,550,305,300
1095,544,285,301
1064,517,318,305
1113,473,306,308
1071,450,350,303
1073,438,283,300
949,422,331,290
1144,367,309,309
949,380,434,289
1044,349,284,303
1041,336,270,302
982,334,286,294
902,341,281,294
633,366,372,288
770,373,291,296
763,395,278,290
831,447,268,297
836,484,274,299
855,524,292,303
941,557,292,298
1017,553,281,297
760,564,283,285
797,538,264,287
835,499,326,279
1087,439,302,301
1102,409,331,305
1020,403,432,291
913,408,277,283
1200,349,302,313
612,415,475,243
1152,329,289,302
1120,306,307,309
1054,289,327,306
841,320,269,284
977,333,314,297
938,362,320,292
907,405,339,300
988,445,286,301
852,489,295,297
933,524,281,299
872,553,282,300
815,559,286,295
717,524,296,296
716,493,272,301
722,466,282,300
467,476,418,285
800,423,290,300
843,415,298,300
933,411,301,308
977,415,323,311
1008,439,295,313
830,520,426,277
971,513,308,313
681,585,411,283
509,626,289,298
719,546,304,307
365,562,290,317
386,514,289,301
720,420,321,294
845,371,301,304
666,383,277,286
1080,294,269,303
1150,294,293,305
898,340,244,278
1235,348,304,310
1242,398,352,319
1277,453,306,320
700,463,228,252
1168,482,185,299
1093,469,304,297
1039,433,304,308
1027,405,288,305
969,337,292,296
865,298,359,294
922,263,280,298
919,271,267,293
773,300,380,290
761,322,229,292
880,372,286,293
879,447,304,294
862,499,300,298
892,529,294,297
880,562,239,299
997,572,299,296
879,562,385,289
1042,540,246,307
1143,519,305,305
1208,476,304,310
944,458,267,290
993,443,389,279
1172,392,332,300
1152,369,357,310
878,404,327,282
898,396,449,280
1038,401,285,304
972,436,309,295
959,439,286,292
549,406,283,285
754,332,266,293
623,294,302,300
427,308,516,278
269,335,381,277
722,263,283,303
725,261,306,306
809,277,280,301
464,360,362,275
973,345,275,304
1034,383,279,304
1093,439,294,307
1099,480,310,308
874,557,347,287
1055,575,372,309
897,596,257,293
949,583,453,305
1099,504,304,310
1098,388,301,305
1113,319,290,303
1115,275,291,302
1079,233,279,303
946,220,388,303
1016,204,290,311
546,240,390,263
926,164,300,302
833,200,270,292
859,254,289,300
732,310,283,300
730,365,266,300
746,446,302,297
786,493,294,301
481,496,328,291
829,496,290,296
665,508,380,285
1133,465,294,305
895,466,337,282
1087,374,440,290
1000,344,262,270
1288,228,323,318
1229,222,312,316
754,285,386,262
1149,259,310,305
1092,322,299,308
1070,352,286,302
1065,422,279,303
666,525,419,269
1150,466,305,308
1226,437,302,311
1013,461,465,289
1094,467,334,293
1260,428,309,318
1291,355,414,312
1391,273,327,324
1375,227,323,329
1324,197,334,324
1299,182,322,330
1217,186,344,318
1223,188,300,318
1160,215,321,311
1143,229,295,309
952,276,347,293
1004,307,305,307
961,379,304,307
894,410,317,306
863,405,302,317
619,447,315,269
684,344,359,305
697,301,341,301
764,219,313,318
798,176,325,313
876,77,313,323
870,67,355,320
964,69,302,328
789,153,459,275
1147,172,297,318
944,264,282,282
1305,275,317,324
1278,314,364,316
1119,352,296,290
1253,344,277,296
1346,316,305,300
1780,275,135,326
1482,270,302,313
1366,306,452,277
1215,262,318,265
1546,226,333,327
1273,238,392,265
1522,192,341,319
1777,154,142,336
1332,160,281,315
1438,115,390,341
1378,130,334,331
1264,162,317,322
806,256,303,282
1029,262,275,302
695,353,275,283
973,374,268,299
973,411,285,299
705,472,391,291
512,486,304,288
694,445,281,300
679,404,283,297
579,322,295,302
583,247,302,308
661,203,285,307
873,121,292,316
1032,93,307,324
1095,102,311,315
1260,135,321,324
1407,174,339,341
1230,274,359,290
1210,298,266,291
1213,327,252,292
1507,335,330,336
1502,364,367,336
1523,369,324,342
1489,378,336,335
1405,376,335,328
1314,344,311,321
1309,323,316,320
1282,307,316,322
1214,268,300,311
1101,221,305,308
1004,203,352,311
702,243,298,285
663,239,474,277
898,161,302,305
902,134,333,320
1007,123,332,324
1130,108,319,331
1245,115,328,333
1324,147,303,324
1203,237,484,298
1406,254,299,319
1707,276,177,337
1538,310,291,321
1594,323,292,318
1643,309,277,329
1523,459,146,122
1523,459,146,122
1565,315,287,248
1498,233,324,327
1689,202,102,336
1307,214,150,295
1074,221,534,272
1262,154,320,322
1126,169,323,316
983,208,267,307
678,296,512,276
812,302,293,313
388,382,329,305
344,394,314,307
794,346,283,300
879,338,320,303
921,316,341,299
725,332,503,264
977,279,281,318
1091,260,372,311
1232,234,335,326
1252,218,341,329
1315,244,320,321
1314,269,300,315
1289,263,309,320
1208,247,294,321
920,278,400,288
938,256,429,282
1098,184,308,320
1086,182,294,314
1083,184,289,313
1086,197,302,314
1087,219,290,306
1059,226,302,310
1054,231,296,308
1038,233,347,303
1119,223,299,314
1125,220,293,311
1132,210,296,313
1128,183,310,323
884,189,469,274
1132,108,311,327
813,196,310,299
891,205,539,272
1098,200,378,312
1200,217,320,315
1199,229,340,316
1035,266,485,291
1271,259,319,324
1271,277,306,315
1250,303,318,314
1248,336,307,314
1245,378,313,317
1200,413,266,309
1254,440,302,313
1239,449,307,311
1243,442,297,310
1240,428,322,314
1258,419,306,315
1264,375,317,317
1277,341,310,319
1270,289,305,312
1265,244,303,317
1256,207,302,322
1247,183,323,328
1262,166,325,332
1260,165,334,329
1279,170,326,334
972,274,437,278
1271,277,311,318
1192,316,300,308
994,352,250,306
1128,375,303,313
1123,410,297,310
1066,439,321,306
985,465,209,317
821,496,387,285
877,505,279,288
1031,501,505,291
912,522,366,285
1130,484,273,308
1291,457,449,300
1332,400,302,305
1767,344,113,321
1764,296,156,322
1721,293,199,334
1313,337,275,308
1529,291,325,339
1444,290,342,337
1287,283,317,329
1181,278,314,325
595,409,570,228
1078,302,309,317
1041,306,322,321
961,359,366,299
864,392,246,305
886,407,424,290
1016,425,297,309
959,464,323,305
963,480,286,304
967,468,286,306
908,427,304,300
747,363,360,284
1094,261,301,315
1169,207,306,319
896,225,499,286
1085,183,257,330
1283,186,328,332
984,262,283,299
1264,245,351,320
1284,254,322,328
1214,288,345,321
1211,288,310,325
1153,289,331,323
1077,293,311,314
1007,290,339,313
771,322,371,283
989,247,305,314
823,259,455,286
982,205,307,322
970,205,298,315
957,201,293,318
901,220,333,310
919,217,299,319
582,310,347,289
866,281,412,297
762,318,239,302
898,329,316,303
877,359,315,303
637,414,365,297
597,431,283,298
609,421,311,294
816,349,363,299
748,342,355,300
553,363,312,291
530,350,283,303
818,289,302,314
516,365,301,295
689,360,457,289
668,400,235,300
927,376,291,306
812,412,344,299
862,456,375,299
798,486,441,293
1030,490,311,310
1060,504,310,310
1075,514,326,309
1162,510,317,312
1203,484,393,326
1306,438,287,312
1369,403,349,324
1384,365,325,327
1313,342,335,328
1284,340,315,320
1196,317,310,315
897,313,430,289
1042,265,293,314
1060,255,314,313
949,300,370,292
1006,323,302,311
865,352,340,294
906,330,312,319
858,315,308,318
769,314,305,313
405,369,287,308
708,326,281,312
423,382,288,305
803,303,290,311
883,265,280,306
699,261,537,272
1128,160,312,326
1086,171,507,295
1042,182,286,296
1354,151,348,336
1033,270,278,292
1211,342,362,314
1077,397,324,313
1065,404,343,309
864,415,304,301
260,471,498,251
748,353,310,315
455,361,306,300
777,275,319,316
848,271,303,317
