976,900,95,82
965,894,105,80
964,901,101,75
934,878,98,73
992,797,102,71
1033,759,105,55
1013,734,111,65
959,717,134,81
930,743,117,78
849,771,125,76
797,768,131,82
967,715,69,80
1057,674,72,72
984,649,124,85
851,661,132,101
828,750,72,78
846,802,70,72
858,830,96,79
898,834,72,72
899,831,74,70
884,800,79,70
868,732,78,70
947,589,123,80
845,539,155,80
925,531,144,77
846,512,116,78
831,512,113,81
929,534,157,80
830,528,108,84
781,561,108,83
962,643,77,76
1062,715,78,76
1070,760,77,75
1056,854,77,40
1056,854,77,40
1028,836,94,19
1084,812,37,29
1075,798,79,22
1039,738,83,27
1052,709,102,31
1026,683,99,34
1015,628,99,33
986,607,89,13
989,594,94,29
1022,494,72,64
1046,507,70,68
1049,522,70,61
1036,513,69,70
1074,549,67,62
1117,596,64,78
1070,692,68,72
953,764,65,62
950,839,69,10
992,778,42,36
916,810,56,55
879,808,165,88
1055,808,71,62
994,794,72,71
932,825,67,65
931,810,71,70
924,829,68,59
924,829,68,59
959,876,69,58
955,871,73,56
955,871,73,56
937,861,68,57
945,878,65,52
932,852,66,60
949,819,66,75
947,806,67,66
1042,776,67,71
1015,749,70,59
1015,749,70,59
1015,749,70,59
986,715,87,89
993,746,70,52
1005,763,75,34
935,712,155,71
1028,815,105,45
983,736,70,53
983,736,70,53
983,736,70,53
963,757,66,61
972,819,91,36
994,748,64,50
938,754,69,47
950,748,75,61
963,754,66,63
954,745,71,75
963,745,65,61
963,745,65,61
963,745,65,61
975,771,26,27
923,733,70,65
923,733,70,65
977,761,30,43
947,759,50,48
977,779,28,24
925,740,84,67
969,766,40,45
969,766,40,45
966,770,34,26
913,723,92,72
937,739,68,67
917,751,66,57
927,769,62,43
957,784,28,29
900,728,92,73
936,729,74,60
960,750,51,47
1009,754,63,69
998,761,68,49
1036,767,36,17
1022,736,23,26
1030,727,38,36
1032,748,22,30
979,719,61,66
982,740,68,40
957,702,90,59
981,693,73,66
971,711,71,56
1004,750,48,31
932,699,119,80
986,713,67,62
975,692,71,80
984,694,66,71
967,689,68,75
958,706,60,55
849,684,175,143
879,717,131,55
921,823,87,34
921,823,87,34
921,823,87,34
921,823,87,34
939,810,92,10
935,795,56,33
935,795,56,33
940,783,78,36
941,687,48,38
946,679,42,44
933,685,48,42
935,698,54,36
922,695,49,36
858,674,107,56
899,701,69,25
842,653,109,72
881,682,67,34
876,686,62,25
845,654,142,64
889,670,108,114
883,667,68,44
785,652,149,67
810,681,128,48
810,681,128,48
810,681,128,48
855,706,88,22
816,664,93,31
815,670,139,58
865,743,99,24
826,681,106,39
826,681,106,39
831,680,109,58
834,679,95,55
831,679,98,54
823,683,109,57
815,683,103,53
824,686,98,46
816,667,97,50
898,792,102,42
872,788,42,32
880,781,94,39
865,771,73,32
927,769,83,40
975,786,99,39
993,800,88,33
997,794,97,38
976,781,100,36
970,777,98,37
970,782,103,36
984,786,100,37
1003,786,87,36
1010,785,98,35
1007,788,101,37
1007,790,101,37
1003,787,102,38
1016,786,100,39
1017,792,101,39
987,800,101,38
979,803,92,37
973,806,100,38
978,809,97,38
975,820,98,38
974,828,95,38
973,829,100,33
974,819,95,35
946,807,38,24
915,793,101,40
883,807,99,41
903,828,101,37
941,843,100,41
1043,840,80,33
1016,821,96,35
991,811,98,31
1006,816,68,38
985,824,93,37
975,817,102,38
975,799,99,39
975,791,103,39
968,793,100,35
941,796,93,39
932,793,101,40
922,781,101,38
860,778,102,38
803,795,95,38
827,798,91,39
796,818,40,25
824,819,63,40
819,833,73,35
811,831,70,34
754,834,94,32
768,818,83,34
795,806,93,27
788,801,100,30
789,796,102,34
787,793,99,38
816,784,71,38
825,785,70,34
808,782,93,38
798,786,103,37
803,785,61,31
815,778,86,36
799,782,102,30
803,780,97,31
805,771,98,35
804,753,100,37
790,739,100,39
787,737,101,37
789,735,101,38
825,744,101,37
846,742,102,34
847,738,99,35
843,737,98,31
846,738,99,35
847,754,39,25
854,746,75,38
847,746,98,38
840,745,98,38
837,743,100,36
834,740,51,32
835,742,95,35
834,747,96,35
839,748,96,40
849,752,99,38
839,755,42,27
855,738,81,44
835,742,97,40
831,747,59,30
861,748,77,39
859,753,71,38
836,756,83,33
832,759,40,26
853,747,72,41
833,750,95,34
834,747,91,36
836,748,83,38
829,756,40,32
848,744,83,51
829,755,101,38
829,753,100,40
823,741,109,52
836,762,105,41
847,772,85,37
832,774,79,30
860,764,70,39
863,762,71,37
830,766,68,30
835,762,95,38
842,765,100,38
843,766,100,36
826,763,98,39
831,762,102,39
846,769,99,40
837,778,48,32
845,774,97,39
842,780,101,38
842,793,100,40
850,799,98,39
838,789,96,40
832,790,86,33
843,778,62,35
839,776,71,40
822,776,88,36
811,779,98,32
812,773,37,28
830,766,74,41
795,770,73,30
803,758,92,37
799,761,43,27
831,755,66,40
811,761,82,38
824,768,90,40
824,764,92,39
817,766,96,37
815,785,40,25
824,783,82,42
833,791,96,42
838,794,97,41
837,781,119,57
850,806,96,41
864,814,88,38
889,819,96,39
904,830,103,42
916,851,101,38
926,860,108,39
945,868,103,39
968,882,100,38
978,909,107,34
985,922,94,36
975,932,102,35
975,931,102,36
979,925,101,36
959,899,128,63
831,814,44,65
836,824,114,41
864,832,43,53
885,827,102,30
812,806,65,61
759,773,98,66
637,756,48,102
524,787,70,80
596,767,48,96
525,796,64,75
539,789,65,80
554,781,58,85
600,755,10,106
659,783,18,25
659,783,18,25
649,780,20,17
613,745,33,39
596,784,67,51
533,776,68,85
526,756,66,82
651,691,52,83
673,677,53,79
721,680,53,86
698,693,51,88
631,753,62,99
748,705,52,78
702,710,79,88
683,682,91,91
656,655,94,91
571,640,102,93
515,607,108,91
501,580,113,89
488,550,113,87
486,541,113,91
473,553,112,89
471,560,112,91
490,559,95,92
488,572,111,84
486,580,100,84
491,583,95,85
490,589,93,84
