1059,563,47,46
1072,571,43,46
1063,580,43,44
1045,583,56,46
1053,567,41,45
1044,570,43,48
1052,573,39,45
1014,553,43,45
1059,566,34,39
1073,549,38,48
1074,489,37,10
1103,459,30,35
1061,438,112,70
921,577,28,61
937,581,27,66
939,586,27,66
966,618,29,65
904,621,30,65
870,611,28,68
808,614,28,67
789,617,27,66
727,586,25,68
717,543,24,65
710,497,28,66
709,473,30,67
715,495,29,68
693,519,28,68
690,542,28,66
616,534,54,55
632,513,28,66
640,524,29,66
641,540,26,70
603,564,31,64
595,555,27,67
567,558,30,67
567,556,30,70
577,552,30,71
583,545,29,68
588,549,31,68
601,601,29,72
580,637,29,67
562,638,34,38
536,609,29,69
523,590,31,70
505,604,55,31
477,622,28,71
441,595,32,73
431,573,31,70
425,565,33,74
453,582,31,51
516,591,28,70
544,596,31,68
550,610,31,73
581,639,35,76
579,631,31,65
577,612,25,50
554,607,33,72
543,614,31,80
508,675,32,71
474,695,30,69
468,677,32,79
447,626,33,78
417,620,34,77
423,626,30,78
442,667,34,79
440,712,40,80
428,729,35,83
406,720,31,83
365,699,36,82
340,689,34,81
292,680,35,77
251,691,37,76
197,726,45,66
146,746,37,87
117,726,35,83
121,710,36,74
145,664,49,89
163,665,34,83
168,717,39,85
166,737,38,78
147,726,39,87
121,716,35,96
72,735,38,78
30,726,40,90
1,714,52,86
136,625,40,30
187,626,41,23
177,642,27,22
180,633,36,14
188,598,29,22
191,558,27,32
165,540,26,24
208,532,26,25
232,545,31,28
249,541,29,36
251,544,28,35
253,546,28,25
243,532,28,24
235,509,28,24
245,510,24,23
231,532,28,23
202,564,23,23
216,589,28,23
220,570,26,22
233,554,26,22
245,520,27,23
256,517,29,24
319,558,10,23
310,553,21,17
321,552,23,23
302,531,25,22
288,496,29,19
267,484,27,22
237,507,27,23
225,542,25,22
192,552,29,22
189,551,27,23
187,511,28,23
223,489,26,23
179,483,32,37
201,480,37,16
200,476,74,25
237,496,82,85
118,542,115,92
85,565,88,98
24,538,101,93
5,591,89,118
27,629,57,93
31,666,34,33
1,606,57,58
28,492,41,28
61,524,61,53
91,421,52,17
50,425,66,18
106,486,32,24
90,486,32,23
66,473,24,22
67,472,34,24
65,492,37,24
33,503,33,24
25,485,33,23
46,479,31,23
67,513,32,23
108,563,27,22
94,589,29,24
144,565,24,24
135,518,29,25
82,498,22,23
115,525,24,28
69,547,34,19
50,592,28,21
3,633,107,22
0,626,102,35
153,560,32,51
159,581,34,38
184,638,33,36
188,658,33,37
117,643,31,40
60,636,34,34
0,660,35,39
0,683,48,45
0,691,21,42
0,670,23,40
0,619,11,31
0,636,13,29
14,644,23,26
60,654,21,45
53,634,35,38
0,619,58,40
0,702,27,46
3,752,59,31
107,766,23,23
123,770,19,16
107,787,18,14
98,809,18,14
116,786,18,14
112,762,20,15
126,755,19,13
141,771,20,14
168,784,20,13
163,769,19,14
175,765,18,14
162,771,19,14
162,786,20,14
166,802,21,13
167,809,20,14
190,814,20,14
210,822,19,14
191,815,19,14
179,801,20,14
148,770,13,12
123,769,14,12
123,771,19,12
128,768,18,12
123,759,19,15
109,750,21,13
78,750,13,12
52,756,13,13
28,758,21,14
0,745,10,12
20,732,10,14
22,722,18,14
38,709,28,39
0,687,15,13
0,663,30,24
0,628,15,40
0,604,14,43
0,646,14,32
0,696,12,13
1,710,30,20
34,758,21,16
51,752,20,15
38,734,20,13
68,740,17,15
55,744,18,13
46,738,20,14
77,728,16,20
59,721,27,19
72,684,52,29
44,674,34,33
0,651,22,38
20,613,57,45
36,621,89,29
35,630,96,47
151,637,65,62
133,669,82,29
136,643,64,20
93,616,35,28
74,616,34,24
73,631,32,27
48,633,37,25
0,628,57,36
12,654,38,28
0,675,25,39
0,677,28,27
0,643,33,24
0,669,19,24
0,668,19,27
0,637,14,21
0,640,10,38
0,619,30,37
0,671,38,11
0,652,21,12
1,631,10,13
0,628,10,18
0,605,10,14
0,586,10,24
0,576,18,40
0,605,39,45
0,614,54,76
115,624,57,58
111,619,67,55
118,622,45,50
133,647,37,26
115,616,69,61
124,641,57,35
142,637,27,48
135,661,40,24
137,659,40,29
145,642,40,48
146,605,49,38
132,619,47,10
113,645,49,21
79,577,47,33
49,575,77,28
1,631,29,44
19,589,52,34
7,590,32,61
1,631,121,18
71,608,33,22
56,619,44,27
0,612,35,38
78,606,22,59
71,641,37,24
68,636,43,25
70,639,39,25
68,652,43,24
60,655,49,23
47,651,50,24
2,614,59,44
0,600,21,41
47,625,31,26
1,618,19,36
0,628,22,37
22,621,55,56
28,619,67,46
48,614,61,39
59,626,49,41
70,621,39,39
32,609,40,27
49,626,38,27
0,633,65,22
0,602,47,55
1,642,35,23
0,657,23,16
0,689,20,19
1,655,51,31
89,633,27,32
136,670,21,13
133,662,18,14
126,658,21,14
131,656,18,13
144,660,25,13
153,661,20,13
154,658,18,14
150,653,17,13
153,648,17,15
151,648,19,12
158,649,18,13
174,648,18,15
181,646,16,15
182,646,16,14
191,648,17,13
190,647,19,15
194,655,19,12
195,655,19,13
195,655,16,12
205,659,16,14
193,663,16,13
211,669,19,13
211,656,16,12
225,640,16,14
232,629,17,15
256,626,17,14
281,615,19,14
249,609,25,30
194,581,24,25
181,614,61,18
178,585,68,58
175,583,90,55
161,596,81,55
161,594,107,55
148,597,69,54
129,607,63,51
134,613,67,59
130,620,62,59
127,624,85,59
123,622,89,61
244,629,68,63
127,619,70,56
145,630,68,53
149,639,61,46
147,653,54,21
159,652,49,22
138,635,53,24
137,595,61,54
86,577,62,63
0,551,36,45
0,530,30,39
1,512,27,44
0,483,19,35
0,514,42,44
0,559,54,71
0,641,18,68
0,644,24,30
10,594,33,25
22,593,33,26
33,610,37,27
0,578,31,25
3,553,21,27
0,555,30,31
17,543,67,47
0,554,25,37
0,588,13,15
24,577,14,15
0,550,16,31
0,510,16,16
0,484,13,30
0,499,10,17
0,482,10,10
15,486,12,18
8,491,18,16
0,508,10,10
0,520,10,15
0,515,10,14
0,525,10,25
21,560,20,13
28,560,14,15
51,558,17,14
73,551,21,11
99,523,20,33
114,502,52,56
126,490,73,55
85,445,64,49
2,431,35,41
0,483,56,43
1,527,55,23
0,493,21,30
16,498,52,33
16,431,108,97
157,498,67,69
43,553,63,56
72,548,81,49
11,516,70,45
0,496,51,58
0,540,32,60
0,557,29,34
0,557,29,34
