744,327,437,342
764,314,405,319
762,308,425,327
766,314,417,321
768,314,407,328
760,311,422,329
774,314,442,345
774,309,389,336
760,305,425,345
768,309,403,324
759,313,427,333
764,312,411,321
764,308,415,332
768,311,407,324
762,314,265,203
766,321,408,311
757,314,427,329
742,314,436,331
763,311,570,369
786,312,371,309
770,314,350,180
757,319,432,309
771,310,402,322
772,308,406,313
744,324,773,420
1012,317,451,359
539,297,413,294
546,292,435,342
757,310,594,360
490,304,404,325
481,308,519,318
957,322,424,347
584,308,802,375
1162,320,404,344
715,303,60,341
547,312,246,168
695,285,398,275
709,278,425,335
769,306,698,395
1118,303,568,362
1157,327,514,382
1247,313,409,350
765,318,405,321
766,316,407,318
763,310,414,332
764,312,413,334
759,305,387,291
661,316,747,316
1256,320,417,373
747,312,416,350
582,309,443,348
564,292,407,343
400,309,450,346
430,296,423,342
361,299,447,355
377,301,451,358
378,303,456,330
372,303,453,321
382,303,678,346
389,301,414,313
570,366,628,341
713,337,664,346
800,377,757,379
1224,443,441,377
836,402,445,342
953,382,412,346
970,357,418,306
925,348,424,328
1233,361,477,381
627,349,740,369
726,353,704,364
980,359,401,354
475,277,595,284
510,243,443,338
1108,334,443,363
1189,337,405,373
1167,334,586,385
1156,325,764,438
967,293,348,320
786,259,425,342
724,241,414,331
908,270,645,383
953,287,457,344
784,265,604,380
904,294,415,353
350,218,561,354
856,294,362,325
357,211,331,154
306,223,251,295
324,221,278,42
293,171,277,61
106,2,97,213
192,4,192,413
558,237,363,356
1185,330,364,376
776,291,401,330
788,299,422,344
862,319,425,331
855,315,411,343
745,298,477,336
607,263,433,339
508,234,714,389
949,294,367,334
857,272,385,333
623,230,567,366
792,274,380,352
287,207,543,371
767,298,385,318
231,235,485,354
672,303,432,339
532,260,480,348
555,262,422,349
554,252,413,331
547,246,428,344
56,106,208,37
120,1,109,136
119,4,108,145
129,1,109,154
234,14,113,163
187,186,280,22
137,163,111,145
383,1,94,161
226,104,111,177
278,2,133,97
343,10,145,105
507,4,87,217
619,10,242,216
694,41,441,335
1204,82,524,406
893,35,436,342
985,3,413,369
978,0,472,356
1236,16,115,335
812,19,365,173
367,221,252,163
5,283,555,142
341,272,289,170
193,282,467,182
347,279,311,187
460,310,213,154
113,329,191,145
428,312,156,142
278,303,255,161
89,325,262,147
0,298,184,182
111,356,97,130
0,144,250,136
135,221,390,246
405,238,456,354
328,231,447,367
837,325,389,328
382,245,811,408
789,320,370,292
239,212,392,197
292,241,714,444
940,377,432,356
523,311,436,352
616,345,429,355
743,378,415,352
823,399,403,340
839,391,409,355
803,376,403,330
692,330,431,356
677,296,417,331
664,280,408,357
647,265,419,353
590,247,424,352
493,220,435,365
720,286,568,374
633,263,552,386
637,258,435,352
572,243,439,370
473,219,443,354
402,205,447,385
311,189,472,371
279,187,454,388
257,190,453,395
252,195,467,357
363,208,459,372
493,235,456,372
761,288,421,346
732,270,647,402
400,226,332,317
735,261,425,347
814,245,401,339
836,239,405,338
833,223,402,338
821,224,412,339
822,228,410,338
828,222,379,306
824,212,415,315
830,202,419,353
849,194,406,353
627,122,239,292
503,0,711,290
322,157,694,121
6,74,279,182
79,52,406,169
142,65,251,182
174,90,260,162
168,76,247,177
64,102,282,162
12,113,377,188
34,70,276,256
219,103,469,82
413,86,281,116
723,91,236,348
634,132,444,336
556,165,436,355
543,172,423,359
466,177,442,356
412,174,461,350
602,206,682,370
834,256,406,326
726,262,455,356
683,270,423,366
638,266,407,340
604,253,414,343
570,248,409,352
532,247,433,353
517,242,401,329
508,236,395,300
460,222,180,188
130,6,189,202
39,23,145,89
86,0,107,86
178,2,105,90
177,3,106,84
177,3,105,76
180,1,106,68
182,0,107,55
111,0,297,125
499,1,195,178
527,0,49,367
554,9,23,345
604,64,164,315
475,206,722,488
827,208,425,373
423,102,589,390
1031,192,427,343
669,94,471,345
598,94,427,373
604,99,437,372
631,96,426,361
616,99,425,368
575,122,722,377
1070,171,424,348
534,155,418,334
978,222,418,369
369,194,453,352
821,274,416,328
124,228,522,379
612,297,389,346
562,310,403,350
456,318,483,357
3,253,408,384
512,346,445,367
618,341,434,334
679,322,429,365
735,306,414,343
438,153,495,377
496,111,446,346
586,77,441,365
675,77,454,374
714,93,428,368
805,126,433,367
805,126,433,367
1020,179,428,356
1045,187,441,357
1014,200,420,361
866,228,143,320
745,260,562,380
1066,323,491,365
483,295,440,352
280,291,315,351
327,297,438,368
254,287,673,398
713,386,431,355
688,362,379,337
604,324,408,348
590,297,435,339
648,244,494,347
857,212,403,343
845,169,535,355
1085,123,435,366
810,105,709,361
646,116,451,358
646,116,451,358
757,108,449,366
798,92,514,348
771,72,386,296
927,50,441,380
1051,10,445,395
1534,3,358,407
949,42,474,335
234,235,187,118
66,131,444,233
123,199,262,157
4,213,277,160
92,181,121,210
232,583,178,49
93,621,160,54
0,649,150,46
1,690,180,68
4,454,172,124
29,151,102,148
55,256,117,138
1,243,106,283
13,291,292,33
158,281,136,38
188,133,108,184
99,285,421,256
68,281,763,428
698,385,388,317
797,349,456,369
908,314,409,348
498,168,463,352
554,140,812,400
1141,184,447,330
416,85,439,300
914,65,414,364
978,50,407,369
995,45,439,374
1026,32,443,378
1050,28,441,383
971,61,457,367
942,105,427,358
888,122,442,358
791,159,451,351
727,182,425,344
624,197,431,357
503,209,561,372
420,221,419,351
0,224,229,309
171,237,497,354
702,303,396,341
589,312,389,354
387,312,438,367
373,304,416,346
445,285,422,360
532,265,404,350
676,245,415,375
1028,187,473,361
1209,145,501,369
413,72,315,294
684,105,438,354
561,158,454,361
561,158,454,361
670,317,406,342
179,231,787,432
674,321,381,309
693,305,428,345
637,302,432,363
595,326,433,362
675,334,392,366
761,317,414,337
306,270,778,383
870,307,413,340
438,286,446,332
543,284,473,345
632,272,570,353
758,249,393,341
1270,227,508,409
950,186,431,353
976,152,428,343
942,140,425,358
930,131,428,347
891,120,428,351
835,122,432,350
1189,175,471,369
638,186,833,389
935,260,446,284
404,197,433,348
284,181,492,369
723,263,391,326
35,154,528,410
618,271,413,336
543,285,427,355
441,344,401,349
68,323,757,402
494,379,428,344
597,367,412,349
740,326,427,339
385,131,466,373
464,93,458,358
743,60,753,413
1244,69,495,388
1646,206,214,381
1640,290,176,277
1350,718,483,150
1338,529,356,192
1279,757,301,74
1267,805,269,83
1569,820,161,201
1286,472,101,310
912,822,263,203
472,347,212,312
635,357,458,376
605,378,404,371
635,388,408,353
708,381,353,333
708,381,353,333
579,270,751,386
1099,282,452,337
610,217,426,351
605,215,415,347
533,183,429,344
527,179,422,351
480,193,807,391
1004,283,384,304
896,250,474,381
896,250,474,381
499,193,845,438
1010,270,401,308
488,185,434,355
492,188,422,352
981,273,434,348
493,225,833,405
1009,290,378,288
462,247,446,337
878,328,573,380
1157,387,422,367
836,377,399,332
885,376,390,312
963,369,410,339
1043,366,405,336
1025,347,327,259
996,310,422,325
1048,275,439,355
1171,282,448,376
524,390,192,151
377,357,283,176
614,441,135,127
494,407,337,190
79,396,496,211
12,463,369,158
129,400,342,212
668,305,238,348
1032,327,402,367
825,330,454,354
359,300,442,321
336,332,460,333
729,379,454,340
744,424,423,329
670,471,408,325
513,512,583,318
137,526,858,360
689,536,345,318
685,532,368,339
127,509,483,377
723,511,446,339
853,492,411,334
460,387,429,325
1123,355,393,350
731,276,379,348
1344,264,393,410
964,246,428,335
1041,250,430,348
1092,257,511,348
1195,244,467,381
1208,236,463,336
1124,225,455,364
1034,231,597,382
844,262,426,339
709,266,427,339
652,264,403,322
539,254,429,361
722,284,595,363
698,329,368,348
590,339,420,353
112,349,738,364
338,395,444,360
248,406,422,362
402,401,385,363
576,360,424,342
729,327,379,326
733,320,395,339
917,312,422,364
1219,294,455,385
929,260,422,337
483,309,85,197
205,314,216,196
207,398,243,150
219,422,234,154
198,439,242,151
128,444,254,158
33,467,188,160
164,461,116,174
40,442,134,204
83,342,24,169
6,267,233,101
218,222,242,277
280,343,485,310
248,320,500,355
675,313,393,341
512,363,394,335
503,392,418,348
14,386,519,389
684,416,424,351
351,338,835,392
