1009,599,53,67
996,593,59,71
986,587,60,71
974,584,59,72
951,579,60,71
914,572,61,74
873,564,57,70
802,541,60,73
765,519,61,73
723,497,62,73
714,487,60,71
771,490,57,67
815,510,58,73
850,531,58,66
893,561,59,71
910,572,58,73
941,579,59,57
964,583,59,73
975,586,61,69
985,581,63,71
1024,558,60,62
1034,530,61,66
1071,518,61,73
1091,524,61,53
1052,542,63,54
1066,554,62,45
1059,563,62,46
1024,556,62,47
1021,550,60,52
977,546,60,54
944,561,60,71
917,609,62,74
899,651,61,66
867,682,60,60
817,700,63,76
797,709,61,76
723,710,61,75
660,702,63,77
660,680,63,75
698,655,60,71
729,602,63,73
829,558,60,71
892,527,61,72
928,519,60,69
992,532,60,73
1016,557,61,64
982,598,61,72
928,634,61,75
897,662,61,59
858,680,63,75
824,691,63,53
792,694,64,77
770,679,62,72
749,668,63,67
708,648,64,75
703,631,61,75
724,606,60,54
774,588,62,58
802,582,62,70
843,582,59,72
976,598,43,70
1002,609,60,45
1021,626,62,48
1023,641,63,74
1021,662,62,73
991,677,61,74
935,704,63,76
886,718,62,77
821,718,62,77
766,714,64,72
747,700,63,75
744,670,64,76
759,639,63,74
782,622,61,74
831,601,62,70
897,584,61,57
964,573,61,72
983,575,59,61
965,575,61,47
931,576,62,49
869,593,63,46
880,607,62,56
876,622,61,58
859,632,61,56
847,641,63,48
862,643,62,73
883,648,60,54
819,644,61,48
763,646,60,48
711,639,61,50
677,599,65,77
641,566,63,77
575,556,64,76
540,548,65,76
642,522,62,73
715,525,61,75
796,547,62,74
860,580,62,74
900,613,61,72
923,633,62,75
918,649,63,74
898,656,63,52
892,647,64,47
851,641,60,45
827,636,65,47
843,622,62,66
854,596,62,69
871,576,61,67
914,556,61,73
1020,555,59,70
1087,576,60,75
1137,611,60,74
1161,636,61,70
1166,642,64,73
1162,661,64,73
1128,676,62,74
1057,686,63,76
932,689,60,75
815,690,58,76
744,697,62,74
619,712,63,78
531,715,65,79
473,704,68,56
381,677,69,81
279,646,71,76
219,631,75,73
133,608,78,88
5,573,84,83
130,406,53,276
137,769,173,48
137,724,66,54
168,702,76,71
185,668,84,121
271,738,66,70
341,829,34,81
431,880,45,107
567,890,43,47
663,901,27,70
756,826,19,39
745,879,45,28
741,915,106,59
601,981,186,96
557,809,150,107
841,881,76,197
622,947,120,133
885,697,82,107
693,844,61,118
864,848,50,91
737,945,43,27
736,955,67,21
736,955,67,21
709,974,97,23
752,868,112,100
543,873,93,156
489,988,120,87
432,933,129,141
413,866,10,203
431,857,35,95
474,810,95,87
314,1010,52,48
289,1010,148,69
521,949,70,129
517,962,68,111
588,993,78,79
677,997,77,78
730,999,158,81
699,1016,68,55
746,1006,72,72
764,1035,38,45
750,1007,33,70
742,921,63,41
816,862,70,89
665,855,158,107
870,925,29,148
728,940,96,140
487,721,92,93
487,721,92,93
528,843,47,90
574,823,46,83
589,793,47,87
607,771,42,83
607,771,42,83
712,824,49,121
650,951,197,107
669,852,169,228
680,791,175,285
726,805,162,270
751,784,171,294
499,841,171,234
258,953,173,125
413,1001,55,79
469,978,15,89
493,994,31,58
472,1031,32,48
504,978,71,101
641,904,87,99
453,906,79,110
563,889,69,119
374,916,77,115
512,801,69,63
460,910,72,39
468,800,56,68
411,898,54,75
392,891,50,87
351,876,51,95
322,871,88,86
251,872,95,104
50,871,88,127
276,786,45,103
138,891,95,94
314,856,72,95
347,844,60,94
425,826,45,93
510,807,82,91
338,973,134,69
384,1010,55,43
453,959,35,49
367,1040,83,37
494,1009,35,55
518,983,34,96
539,888,88,67
637,868,36,98
551,829,132,14
551,829,132,14
510,774,55,79
372,749,103,111
156,917,80,128
301,821,64,23
238,737,65,66
238,737,65,66
106,833,56,82
9,870,115,105
1,668,76,111
0,822,34,92
21,920,29,69
21,920,29,69
1,925,17,82
36,1016,55,36
64,928,90,152
323,805,50,96
322,821,61,71
338,756,69,103
377,766,64,71
422,751,65,84
486,826,136,133
226,890,70,190
230,816,201,263
192,691,392,282
107,866,215,214
430,796,122,175
537,805,81,95
552,822,62,146
622,813,114,10
662,844,74,50
755,857,43,100
838,897,80,102
857,846,70,102
933,825,56,109
959,995,88,59
959,995,88,59
941,935,130,125
775,880,176,192
743,861,192,218
1007,749,51,247
1046,759,76,78
1061,672,32,226
1079,675,80,69
1089,581,78,120
1077,618,28,201
1074,601,128,70
1140,507,95,216
1344,786,167,61
1377,740,161,174
1322,641,184,343
1288,662,165,379
1207,687,185,389
1041,760,257,320
709,889,189,191
555,959,62,121
568,996,71,77
517,1018,76,60
463,1006,40,63
405,1021,55,57
361,1038,112,42
309,1048,37,32
289,1044,38,36
287,1016,35,59
293,978,42,35
226,1028,130,51
306,1014,83,65
377,1011,75,69
421,1027,79,53
488,964,105,109
517,997,31,81
505,1017,40,61
527,967,73,110
641,876,77,91
544,882,139,114
803,668,85,53
787,648,61,48
730,651,63,46
670,657,65,48
645,650,65,47
637,630,65,55
630,601,64,73
636,585,64,71
652,571,64,67
672,568,63,75
693,558,61,74
725,536,61,71
752,519,62,74
770,501,61,75
806,502,61,72
851,507,62,75
888,530,59,74
890,547,61,74
840,584,61,71
803,616,62,74
806,656,60,53
798,662,63,53
747,662,63,62
700,663,63,73
681,659,63,73
664,650,62,66
659,622,63,70
675,604,62,73
702,573,63,73
734,538,62,74
759,515,64,70
802,498,60,67
865,496,60,73
900,510,61,72
937,524,61,74
957,532,60,73
957,550,60,58
924,569,62,49
882,594,60,43
841,617,62,56
809,641,62,47
734,656,63,80
643,685,64,78
589,709,66,58
538,737,67,60
493,747,69,46
495,752,71,46
506,755,70,51
554,762,67,51
675,756,45,81
744,746,65,77
801,729,63,67
865,708,63,73
903,693,62,57
928,675,64,62
950,659,65,74
989,635,61,75
1027,606,64,50
1049,585,63,46
1056,572,64,55
1049,555,63,75
1024,546,62,77
994,537,61,74
981,538,62,75
966,557,60,74
929,582,62,64
848,613,64,60
801,632,62,47
735,665,63,45
670,691,64,77
610,720,63,76
586,744,68,53
574,778,68,57
573,802,68,68
602,816,65,78
627,818,68,79
614,819,68,80
626,811,67,80
663,788,66,66
707,764,62,57
798,727,59,77
869,700,63,73
921,665,61,61
952,630,62,72
994,614,68,76
1012,611,60,44
1056,604,62,50
1106,603,62,57
1137,608,62,71
1131,606,61,73
1108,596,62,65
1113,592,60,67
1131,584,61,56
1137,581,61,49
1115,582,62,73
1073,606,61,66
1023,655,61,78
967,691,63,73
900,715,61,58
860,737,65,79
827,745,62,74
790,742,63,74
759,731,63,61
726,704,63,70
691,673,65,75
658,641,63,78
634,612,65,79
636,597,65,74
694,587,63,66
762,581,61,72
858,579,61,73
917,587,63,60
990,617,78,79
1035,644,63,76
1050,664,64,76
1050,692,63,74
1023,730,64,73
977,762,62,75
927,797,62,78
886,831,63,76
838,847,65,76
783,853,64,52
714,868,64,76
630,882,64,78
582,872,69,81
568,842,67,79
592,787,68,77
613,748,65,77
646,685,64,72
701,644,61,72
824,618,57,66
920,612,63,74
986,607,61,73
1059,616,63,65
1097,643,62,76
1128,677,64,77
1161,732,64,75
1171,772,67,62
1167,788,68,69
1135,792,64,50
1088,800,65,51
1039,810,64,73
957,810,64,79
888,800,63,58
822,775,65,77
801,761,64,77
765,742,64,77
752,723,63,77
799,692,62,73
831,677,60,70
869,654,62,70
879,634,60,58
901,629,61,60
944,644,59,70
994,634,60,98
1049,676,62,72
1092,687,63,74
1115,692,60,74
1131,692,61,69
1151,681,60,74
1169,662,61,73
1202,630,60,73
1205,613,61,71
1155,598,60,71
1120,586,62,72
1027,578,62,76
912,576,62,73
844,582,62,67
768,612,62,70
721,627,61,73
681,640,62,78
666,657,64,76
633,682,65,52
624,709,66,57
636,740,65,54
635,771,67,60
640,832,68,70
646,875,69,64
681,873,64,48
748,842,65,77
822,798,63,70
890,730,66,73
930,686,60,64
960,647,62,74
991,600,60,62
1030,570,62,69
1062,537,62,63
1048,525,60,49
1022,534,62,44
993,579,61,52
949,625,63,69
877,671,60,72
758,725,62,72
691,751,63,75
633,780,66,76
606,805,66,78
569,838,67,67
546,857,66,54
516,877,69,50
484,878,69,52
458,853,70,48
451,832,71,54
