702,703,172,120
700,677,183,115
684,651,184,120
698,638,122,123
698,651,127,116
689,665,126,116
687,671,128,117
688,662,147,126
704,663,162,112
698,663,192,111
695,660,191,104
700,644,175,105
1023,510,69,71
1039,524,84,73
1058,534,85,73
1109,541,74,79
1140,540,71,81
1156,551,73,83
1175,556,72,83
1203,562,73,95
1214,567,79,97
1214,572,87,90
1232,581,88,98
1242,590,93,94
1270,594,107,114
1303,602,106,123
1330,615,94,118
1353,625,77,116
1360,641,76,116
1342,647,81,98
1315,644,91,108
1305,635,100,110
1316,629,105,117
1324,621,110,130
1319,648,144,127
1316,665,186,124
1308,681,170,124
1328,677,148,125
1318,666,151,125
1314,652,165,126
1317,650,160,124
1309,649,169,128
1308,656,169,132
1301,664,158,131
1291,668,165,130
1296,668,157,126
1301,667,129,124
1309,671,132,122
1310,671,135,125
1325,673,131,124
1311,684,144,118
1303,693,132,117
1294,711,134,123
1301,722,137,118
1296,715,140,121
1288,706,156,118
1285,688,132,120
1301,686,128,119
1300,677,135,120
1312,670,131,122
1348,663,122,120
1359,656,123,127
1370,659,133,125
1373,665,130,124
1373,674,138,122
1365,666,141,128
1357,653,131,123
1368,635,132,119
1377,622,132,122
1378,620,132,123
1376,629,142,119
1368,636,138,121
1370,648,149,119
1376,647,139,127
1369,653,131,128
1367,656,134,129
1363,666,140,129
1361,677,136,124
1368,680,141,124
1371,676,155,126
1366,676,134,125
1366,674,115,126
1374,677,105,125
1385,683,99,129
1387,700,101,138
1423,717,80,126
1415,717,85,137
1392,717,81,140
1359,744,90,123
1357,761,79,127
1338,766,88,134
1329,748,84,158
1299,782,85,144
1292,767,87,145
1283,763,88,149
1283,760,85,150
1315,762,136,147
1309,781,146,148
1307,794,95,146
1307,796,110,144
1306,787,92,149
1311,778,93,148
1312,775,99,145
1313,769,96,146
1304,765,97,144
1308,767,94,149
1311,772,101,146
1313,776,99,149
1321,780,127,148
1323,780,99,148
1336,778,97,146
1324,780,96,146
1317,778,93,145
1328,774,93,143
1332,778,95,147
1289,791,98,148
1266,803,112,148
1234,798,121,147
1270,774,111,145
1301,742,163,145
1341,720,131,145
1335,720,103,150
1311,723,169,149
1302,722,119,151
1304,723,109,146
1292,724,94,142
1283,726,93,148
1245,719,94,147
1221,708,91,135
1224,691,85,180
1201,693,106,169
1204,707,100,173
1162,713,104,176
1105,714,138,167
1094,722,173,180
1094,736,190,172
1088,748,125,162
1070,742,123,186
1052,751,129,169
1038,766,133,189
1024,777,138,210
1017,807,138,186
1016,829,129,219
1021,843,128,214
1034,860,136,214
1076,859,122,216
1070,875,131,205
1059,896,148,182
999,904,197,175
697,528,155,124
686,522,117,104
673,525,129,101
668,548,128,102
665,602,158,104
673,644,104,113
683,648,92,121
686,628,98,122
707,596,106,115
714,579,105,115
715,574,109,110
716,587,106,113
745,606,88,109
725,612,114,112
723,603,119,113
708,587,114,111
737,560,110,96
759,549,110,100
753,561,106,103
750,573,98,98
745,587,101,122
781,604,98,116
786,615,98,110
832,622,74,107
785,622,102,111
795,613,99,121
842,614,76,118
838,605,78,121
849,596,71,114
824,579,103,112
843,573,73,118
839,574,78,109
821,570,76,104
798,544,75,113
711,479,101,97
630,413,130,99
560,330,114,99
567,277,105,98
559,268,104,116
564,297,107,107
569,334,112,98
600,380,111,106
608,396,115,108
640,410,93,105
643,402,94,111
664,403,87,108
688,412,79,100
676,406,104,108
698,416,111,99
720,438,117,94
742,466,128,90
736,495,160,89
764,527,158,87
800,548,174,81
818,562,170,87
820,568,177,84
822,575,187,97
800,551,195,88
795,526,198,87
779,495,194,80
781,484,182,81
759,474,183,88
758,477,176,92
751,494,173,86
730,507,206,84
751,511,176,87
739,497,192,92
801,485,136,84
753,473,158,87
752,472,169,86
809,483,154,87
769,497,174,86
754,511,195,86
772,514,177,88
753,509,214,84
781,509,180,87
790,514,162,84
791,512,177,85
790,508,177,83
840,506,134,79
822,504,158,85
842,507,140,86
847,521,145,84
848,522,149,87
848,519,156,80
864,508,156,84
873,517,165,80
885,514,161,87
884,516,170,86
897,488,159,40
896,518,144,76
882,515,168,83
916,518,129,76
906,522,123,77
905,530,124,77
899,531,126,81
910,529,110,85
911,522,107,81
905,524,112,87
895,529,109,85
710,345,120,111
906,533,110,82
917,529,100,80
762,363,184,196
953,514,83,86
877,479,143,119
964,515,61,88
955,524,61,88
900,529,117,78
742,362,116,143
955,516,67,86
928,508,91,88
921,500,95,87
973,498,56,88
965,499,68,86
932,514,108,86
972,516,58,85
976,511,59,84
972,511,65,83
933,511,115,84
986,514,79,93
960,521,78,89
949,514,79,97
926,513,75,96
874,514,113,92
870,519,115,91
886,525,116,90
887,528,114,90
895,526,113,89
887,512,108,93
896,500,98,90
884,479,116,88
901,477,104,88
913,495,112,91
906,508,120,90
910,513,127,91
910,511,106,89
882,495,132,92
893,490,118,89
902,495,117,92
915,505,105,94
918,516,112,93
754,371,140,142
910,516,113,94
908,516,117,88
911,515,114,90
912,519,111,91
905,527,121,89
899,527,140,91
902,525,141,91
909,521,141,91
909,515,135,90
898,509,136,93
891,512,137,90
877,516,166,91
900,522,168,92
915,526,177,93
944,525,167,90
942,519,177,88
967,513,147,89
968,510,153,89
818,353,289,241
1040,516,97,85
967,528,153,86
972,523,152,94
955,519,174,94
967,513,163,90
1005,509,138,81
981,514,150,82
983,515,142,89
946,519,161,95
936,545,154,79
935,535,150,89
898,528,191,91
924,498,142,90
915,476,160,88
983,477,158,86
998,502,169,90
1015,536,163,81
976,553,170,84
871,551,172,79
786,547,174,77
707,543,192,72
687,540,179,74
740,561,167,70
743,583,166,77
845,610,169,74
742,587,167,79
785,548,139,76
815,456,127,80
822,393,126,85
813,392,145,84
813,427,136,84
791,489,150,84
801,517,146,85
803,518,150,82
796,489,161,81
820,463,125,81
771,454,192,77
835,451,120,83
778,479,158,80
752,501,160,77
686,503,152,76
683,502,159,76
749,495,132,74
804,499,153,75
839,508,164,75
880,521,146,71
